x1,x2,result
40, 84, 124
84, 50, 134
68, 39, 107
73, 66, 139
78, 11, 89
9, 70, 79
98, 9, 107
36, 14, 50
37, 5, 42
76, 70, 146
71, 18, 89
37, 87, 124
9, 43, 52
33, 74, 107
84, 23, 107
80, 56, 136
29, 58, 87
95, 33, 128
97, 11, 108
35, 42, 77
53, 54, 107
12, 29, 41
46, 53, 99
80, 51, 131
50, 20, 70
52, 10, 62
89, 32, 121
89, 74, 163
22, 33, 55
16, 53, 69
93, 50, 143
51, 21, 72
99, 62, 161
35, 92, 127
16, 26, 42
46, 80, 126
43, 98, 141
18, 57, 75
75, 35, 110
92, 42, 134
64, 21, 85
58, 77, 135
46, 77, 123
58, 73, 131
45, 94, 139
87, 92, 179
12, 69, 81
12, 12, 24
9, 31, 40
10, 19, 29
9, 4, 13
27, 10, 37
42, 45, 87
69, 52, 121
73, 9, 82
11, 33, 44
35, 4, 39
49, 62, 111
42, 69, 111
4, 95, 99
54, 13, 67
79, 39, 118
31, 94, 125
77, 70, 147
21, 16, 37
2, 27, 29
35, 40, 75
25, 89, 114
99, 58, 157
91, 16, 107
34, 38, 72
97, 54, 151
87, 28, 115
86, 15, 101
58, 85, 143
19, 49, 68
50, 29, 79
33, 52, 85
12, 12, 24
11, 91, 102
24, 95, 119
24, 72, 96
24, 83, 107
1, 18, 19
23, 51, 74
12, 66, 78
95, 44, 139
61, 97, 158
73, 71, 144
72, 54, 126
84, 59, 143
56, 94, 150
36, 99, 135
81, 71, 152
41, 58, 99
75, 26, 101
25, 81, 106
80, 91, 171
12, 73, 85
63, 10, 73
5, 8, 13
99, 97, 196
17, 86, 103
73, 12, 85
66, 23, 89
84, 56, 140
12, 69, 81
77, 13, 90
70, 84, 154
79, 79, 158
77, 99, 176
96, 16, 112
55, 74, 129
39, 75, 114
35, 13, 48
47, 32, 79
44, 56, 100
77, 89, 166
56, 77, 133
81, 43, 124
7, 100, 107
10, 57, 67
45, 29, 74
64, 42, 106
16, 23, 39
32, 40, 72
32, 60, 92
61, 10, 71
94, 13, 107
62, 73, 135
7, 64, 71
14, 33, 47
68, 98, 166
36, 49, 85
20, 69, 89
84, 100, 184
88, 76, 164
84, 75, 159
45, 99, 144
100, 32, 132
6, 12, 18
39, 67, 106
69, 30, 99
26, 13, 39
60, 27, 87
91, 55, 146
87, 49, 136
59, 13, 72
91, 16, 107
85, 49, 134
26, 9, 35
56, 61, 117
5, 73, 78
49, 40, 89
58, 37, 95
77, 81, 158
85, 14, 99
52, 66, 118
89, 33, 122
69, 34, 103
41, 96, 137
40, 1, 41
34, 47, 81
92, 75, 167
93, 25, 118
23, 67, 90
32, 28, 60
80, 21, 101
28, 62, 90
8, 41, 49
86, 71, 157
40, 58, 98
49, 5, 54
34, 52, 86
54, 26, 80
9, 80, 89
91, 92, 183
3, 92, 95
50, 95, 145
48, 98, 146
65, 24, 89
89, 10, 99
69, 90, 159
25, 91, 116
50, 15, 65
25, 13, 38
71, 23, 94
23, 86, 109
67, 9, 76
54, 27, 81
68, 63, 131
53, 24, 77
61, 4, 65
80, 68, 148
68, 92, 160
30, 27, 57
44, 66, 110
70, 64, 134
24, 18, 42
33, 95, 128
17, 20, 37
24, 97, 121
44, 77, 121
100, 28, 128
16, 96, 112
67, 41, 108
28, 87, 115
23, 94, 117
79, 57, 136
93, 26, 119
21, 29, 50
14, 37, 51
64, 93, 157
89, 8, 97
73, 28, 101
89, 52, 141
62, 67, 129
61, 55, 116
69, 92, 161
92, 6, 98
14, 83, 97
55, 78, 133
30, 59, 89
17, 27, 44
6, 99, 105
21, 14, 35
5, 42, 47
72, 78, 150
25, 89, 114
92, 73, 165
58, 83, 141
40, 75, 115
55, 30, 85
8, 14, 22
48, 31, 79
93, 96, 189
11, 68, 79
76, 74, 150
46, 89, 135
86, 94, 180
22, 43, 65
58, 79, 137
70, 51, 121
39, 78, 117
79, 86, 165
91, 74, 165
91, 67, 158
40, 13, 53
59, 26, 85
21, 49, 70
56, 51, 107
8, 48, 56
20, 84, 104
3, 42, 45
91, 86, 177
37, 74, 111
24, 33, 57
43, 55, 98
13, 62, 75
27, 83, 110
62, 93, 155
50, 5, 55
96, 62, 158
1, 20, 21
13, 41, 54
80, 46, 126
43, 74, 117
69, 80, 149
20, 100, 120
76, 48, 124
28, 16, 44
3, 61, 64
8, 36, 44
20, 35, 55
33, 89, 122
21, 47, 68
38, 20, 58
60, 24, 84
25, 72, 97
94, 62, 156
13, 89, 102
61, 39, 100
42, 52, 94
17, 46, 63
35, 92, 127
71, 87, 158
72, 53, 125
10, 39, 49
33, 97, 130
33, 1, 34
29, 74, 103
73, 47, 120
67, 31, 98
28, 24, 52
53, 17, 70
1, 95, 96
90, 32, 122
21, 85, 106
54, 76, 130
95, 78, 173
53, 92, 145
6, 19, 25
54, 67, 121
5, 41, 46
70, 73, 143
11, 2, 13
87, 54, 141
60, 10, 70
52, 95, 147
43, 43, 86
11, 80, 91
63, 67, 130
6, 58, 64
31, 71, 102
86, 76, 162
9, 75, 84
62, 14, 76
71, 14, 85
37, 97, 134
4, 38, 42
53, 71, 124
74, 52, 126
69, 97, 166
17, 88, 105
44, 57, 101
21, 86, 107
86, 35, 121
48, 22, 70
34, 34, 68
14, 50, 64
71, 58, 129
19, 55, 74
97, 14, 111
20, 73, 93
62, 36, 98
7, 47, 54
24, 32, 56
60, 13, 73
47, 34, 81
14, 80, 94
19, 36, 55
4, 28, 32
79, 82, 161
29, 43, 72
53, 83, 136
82, 24, 106
6, 95, 101
8, 9, 17
8, 13, 21
76, 75, 151
63, 26, 89
75, 100, 175
72, 42, 114
33, 3, 36
13, 16, 29
62, 62, 124
26, 72, 98
97, 22, 119
41, 69, 110
93, 52, 145
63, 31, 94
6, 18, 24
65, 95, 160
33, 2, 35
69, 39, 108
32, 19, 51
4, 24, 28
26, 49, 75
54, 75, 129
51, 6, 57
37, 74, 111
11, 97, 108
47, 46, 93
85, 36, 121
12, 14, 26
33, 63, 96
82, 41, 123
43, 73, 116
24, 66, 90
17, 91, 108
75, 90, 165
81, 30, 111
78, 35, 113
58, 51, 109
55, 84, 139
43, 84, 127
87, 12, 99
13, 55, 68
37, 34, 71
26, 11, 37
12, 47, 59
82, 71, 153
96, 52, 148
5, 13, 18
47, 99, 146
30, 97, 127
23, 71, 94
87, 15, 102
23, 65, 88
2, 63, 65
64, 57, 121
17, 26, 43
74, 95, 169
96, 89, 185
99, 26, 125
83, 67, 150
78, 25, 103
23, 84, 107
50, 20, 70
16, 43, 59
89, 35, 124
3, 7, 10
53, 85, 138
29, 61, 90
33, 65, 98
82, 33, 115
74, 23, 97
16, 28, 44
59, 70, 129
49, 26, 75
66, 33, 99
11, 11, 22
5, 12, 17
9, 53, 62
52, 44, 96
80, 75, 155
57, 80, 137
41, 97, 138
32, 39, 71
6, 9, 15
87, 74, 161
54, 77, 131
75, 83, 158
55, 70, 125
65, 79, 144
6, 32, 38
40, 48, 88
11, 38, 49
9, 10, 19
12, 93, 105
60, 52, 112
69, 67, 136
61, 4, 65
60, 51, 111
16, 14, 30
4, 4, 8
70, 27, 97
29, 46, 75
23, 54, 77
44, 19, 63
50, 47, 97
83, 67, 150
65, 96, 161
45, 73, 118
56, 76, 132
30, 7, 37
7, 40, 47
68, 21, 89
8, 32, 40
2, 17, 19
40, 52, 92
22, 49, 71
11, 62, 73
81, 51, 132
31, 36, 67
71, 76, 147
94, 78, 172
31, 12, 43
35, 70, 105
35, 95, 130
24, 39, 63
81, 66, 147
23, 25, 48
87, 43, 130
42, 71, 113
84, 82, 166
78, 12, 90
59, 26, 85
30, 68, 98
27, 84, 111
93, 79, 172
97, 83, 180
81, 9, 90
35, 22, 57
25, 90, 115
95, 35, 130
39, 48, 87
98, 2, 100
56, 23, 79
2, 35, 37
50, 2, 52
57, 88, 145
65, 38, 103
12, 7, 19
65, 87, 152
24, 12, 36
24, 46, 70
28, 87, 115
37, 28, 65
52, 8, 60
5, 51, 56
51, 80, 131
15, 95, 110
10, 3, 13
64, 77, 141
70, 35, 105
78, 40, 118
11, 54, 65
85, 6, 91
69, 68, 137
44, 65, 109
22, 17, 39
21, 70, 91
87, 97, 184
98, 93, 191
93, 59, 152
23, 39, 62
36, 13, 49
25, 26, 51
27, 27, 54
92, 15, 107
89, 2, 91
44, 25, 69
100, 38, 138
4, 20, 24
58, 23, 81
51, 94, 145
30, 55, 85
100, 80, 180
61, 14, 75
8, 34, 42
42, 58, 100
57, 42, 99
30, 83, 113
72, 70, 142
88, 21, 109
14, 34, 48
68, 45, 113
35, 25, 60
8, 88, 96
70, 39, 109
5, 89, 94
20, 93, 113
91, 45, 136
94, 6, 100
20, 82, 102
63, 26, 89
89, 8, 97
21, 69, 90
42, 87, 129
3, 1, 4
18, 44, 62
19, 62, 81
92, 6, 98
39, 99, 138
49, 13, 62
90, 33, 123
32, 27, 59
37, 57, 94
64, 67, 131
68, 54, 122
12, 4, 16
19, 72, 91
74, 15, 89
33, 92, 125
55, 25, 80
1, 1, 2
24, 31, 55
69, 52, 121
88, 11, 99
54, 57, 111
82, 98, 180
56, 17, 73
39, 16, 55
14, 9, 23
94, 89, 183
88, 15, 103
53, 51, 104
91, 68, 159
2, 5, 7
57, 50, 107
78, 16, 94
36, 97, 133
69, 56, 125
21, 10, 31
63, 86, 149
67, 4, 71
70, 77, 147
90, 92, 182
76, 78, 154
22, 76, 98
64, 10, 74
75, 32, 107
92, 28, 120
79, 34, 113
70, 56, 126
72, 71, 143
63, 84, 147
1, 1, 2
22, 46, 68
82, 63, 145
39, 74, 113
41, 98, 139
86, 57, 143
92, 90, 182
69, 98, 167
35, 17, 52
66, 98, 164
18, 10, 28
45, 35, 80
52, 13, 65
65, 8, 73
42, 11, 53
12, 85, 97
13, 90, 103
34, 60, 94
66, 18, 84
14, 87, 101
21, 97, 118
20, 100, 120
79, 3, 82
93, 100, 193
10, 32, 42
33, 3, 36
25, 26, 51
44, 62, 106
38, 76, 114
57, 36, 93
77, 55, 132
83, 20, 103
39, 20, 59
75, 83, 158
29, 8, 37
57, 40, 97
87, 91, 178
64, 51, 115
12, 66, 78
65, 26, 91
51, 76, 127
73, 1, 74
56, 45, 101
30, 67, 97
55, 81, 136
92, 52, 144
77, 62, 139
61, 41, 102
24, 44, 68
27, 86, 113
51, 48, 99
84, 69, 153
63, 8, 71
78, 67, 145
33, 94, 127
62, 91, 153
72, 17, 89
52, 34, 86
79, 94, 173
47, 68, 115
95, 59, 154
86, 74, 160
70, 4, 74
54, 89, 143
54, 48, 102
56, 65, 121
32, 75, 107
56, 99, 155
49, 89, 138
77, 75, 152
9, 65, 74
99, 40, 139
37, 72, 109
77, 7, 84
68, 79, 147
20, 47, 67
74, 52, 126
43, 100, 143
21, 74, 95
12, 55, 67
32, 82, 114
42, 6, 48
18, 78, 96
70, 19, 89
49, 55, 104
62, 19, 81
37, 87, 124
28, 35, 63
54, 33, 87
43, 68, 111
5, 21, 26
9, 34, 43
83, 9, 92
7, 2, 9
23, 21, 44
64, 55, 119
55, 62, 117
98, 91, 189
93, 27, 120
69, 24, 93
51, 58, 109
40, 68, 108
41, 36, 77
99, 77, 176
26, 4, 30
45, 76, 121
40, 55, 95
95, 71, 166
24, 63, 87
62, 93, 155
84, 85, 169
5, 73, 78
90, 72, 162
57, 58, 115
90, 60, 150
62, 26, 88
82, 14, 96
67, 24, 91
61, 39, 100
63, 79, 142
52, 62, 114
79, 65, 144
17, 22, 39
31, 3, 34
79, 51, 130
21, 77, 98
81, 97, 178
31, 57, 88
25, 73, 98
64, 39, 103
89, 32, 121
88, 45, 133
73, 15, 88
68, 15, 83
69, 84, 153
5, 79, 84
98, 62, 160
52, 22, 74
43, 11, 54
80, 2, 82
10, 42, 52
22, 76, 98
43, 93, 136
92, 15, 107
87, 70, 157
96, 63, 159
68, 37, 105
87, 60, 147
54, 74, 128
48, 74, 122
10, 90, 100
26, 2, 28
38, 17, 55
10, 10, 20
16, 5, 21
51, 74, 125
16, 33, 49
26, 32, 58
56, 51, 107
26, 54, 80
46, 87, 133
30, 16, 46
92, 32, 124
66, 73, 139
67, 57, 124
53, 95, 148
2, 33, 35
16, 20, 36
42, 21, 63
10, 26, 36
39, 71, 110
60, 74, 134
72, 54, 126
51, 50, 101
6, 40, 46
71, 93, 164
31, 65, 96
71, 91, 162
94, 61, 155
41, 17, 58
81, 32, 113
53, 99, 152
36, 66, 102
4, 42, 46
51, 31, 82
76, 12, 88
45, 49, 94
31, 65, 96
63, 57, 120
68, 27, 95
56, 61, 117
56, 79, 135
98, 100, 198
37, 36, 73
33, 74, 107
89, 45, 134
87, 18, 105
25, 13, 38
41, 2, 43
16, 20, 36
37, 49, 86
79, 72, 151
85, 9, 94
20, 33, 53
2, 48, 50
42, 85, 127
33, 90, 123
15, 64, 79
23, 87, 110
12, 11, 23
92, 36, 128
10, 75, 85
39, 71, 110
19, 25, 44
56, 99, 155
58, 83, 141
61, 100, 161
17, 32, 49
92, 46, 138
40, 55, 95
19, 18, 37
40, 77, 117
11, 26, 37
99, 37, 136
57, 58, 115
11, 6, 17
4, 37, 41
42, 1, 43
84, 82, 166
74, 7, 81
12, 57, 69
49, 12, 61
4, 63, 67
25, 17, 42
45, 83, 128
60, 78, 138
33, 10, 43
67, 54, 121
2, 40, 42
94, 60, 154
39, 94, 133
94, 60, 154
21, 41, 62
61, 9, 70
3, 42, 45
11, 53, 64
18, 31, 49
98, 28, 126
92, 97, 189
21, 7, 28
45, 75, 120
92, 68, 160
100, 19, 119
67, 84, 151
79, 46, 125
88, 72, 160
5, 100, 105
29, 20, 49
37, 41, 78
7, 18, 25
35, 83, 118
60, 32, 92
39, 48, 87
16, 83, 99
25, 37, 62
44, 17, 61
39, 23, 62
97, 86, 183
31, 72, 103
6, 11, 17
50, 26, 76
51, 90, 141
57, 100, 157
38, 32, 70
93, 91, 184
16, 71, 87
27, 64, 91
52, 13, 65
66, 61, 127
95, 32, 127
3, 47, 50
32, 75, 107
76, 87, 163
55, 62, 117
26, 42, 68
67, 50, 117
60, 36, 96
42, 64, 106
77, 1, 78
26, 19, 45
37, 87, 124
70, 88, 158
55, 54, 109
85, 3, 88
21, 38, 59
98, 75, 173
71, 19, 90
52, 93, 145
15, 5, 20
24, 68, 92
63, 93, 156
84, 28, 112
48, 20, 68
6, 90, 96
64, 77, 141
43, 34, 77
15, 96, 111
30, 4, 34
25, 98, 123
25, 52, 77
49, 68, 117
92, 26, 118
12, 8, 20
56, 25, 81
96, 1, 97
63, 87, 150
39, 63, 102
21, 10, 31
22, 55, 77
82, 5, 87
82, 83, 165
62, 36, 98
24, 26, 50
26, 12, 38
12, 5, 17
80, 45, 125
4, 98, 102
91, 99, 190
37, 57, 94
91, 9, 100
89, 38, 127
12, 84, 96
40, 79, 119
32, 41, 73
1, 74, 75
49, 93, 142
49, 70, 119
81, 67, 148
72, 79, 151
10, 44, 54
42, 11, 53
54, 73, 127
73, 29, 102
94, 62, 156
26, 86, 112
51, 7, 58
19, 39, 58
35, 29, 64
77, 51, 128
67, 67, 134
44, 48, 92
96, 63, 159
14, 37, 51
48, 38, 86
43, 60, 103
63, 32, 95
9, 50, 59
48, 10, 58
25, 73, 98
56, 84, 140
63, 31, 94
92, 73, 165
63, 70, 133
13, 77, 90
23, 97, 120
10, 29, 39
25, 49, 74
13, 21, 34
1, 84, 85
60, 72, 132
79, 16, 95
80, 79, 159
38, 96, 134
3, 98, 101
98, 75, 173
40, 94, 134
34, 39, 73
94, 49, 143
100, 13, 113
45, 46, 91
43, 9, 52
79, 44, 123
55, 98, 153
59, 69, 128
94, 18, 112
15, 30, 45
59, 31, 90
20, 82, 102
91, 88, 179
98, 61, 159
6, 71, 77
31, 13, 44
66, 76, 142
34, 29, 63
100, 79, 179
79, 60, 139
29, 91, 120
88, 38, 126
18, 41, 59
57, 36, 93
20, 70, 90
49, 50, 99
87, 18, 105
30, 72, 102
95, 72, 167
62, 66, 128
71, 14, 85
89, 79, 168
99, 48, 147
65, 80, 145
79, 10, 89
7, 35, 42
15, 19, 34
14, 76, 90
66, 6, 72
69, 79, 148
77, 4, 81
30, 30, 60
48, 6, 54
44, 70, 114
26, 57, 83
42, 73, 115
72, 22, 94
16, 37, 53
14, 22, 36
43, 57, 100
34, 73, 107
32, 3, 35
96, 95, 191
100, 46, 146
28, 4, 32
34, 58, 92
72, 99, 171
36, 54, 90
26, 83, 109
17, 18, 35
86, 75, 161
22, 59, 81
95, 10, 105
70, 49, 119
52, 37, 89
45, 68, 113
4, 24, 28
5, 14, 19
73, 72, 145
38, 75, 113
4, 54, 58
68, 63, 131
33, 59, 92
59, 76, 135
55, 25, 80
35, 46, 81
27, 42, 69
14, 89, 103
68, 97, 165
72, 15, 87
29, 5, 34
45, 48, 93
72, 70, 142
64, 22, 86
1, 96, 97
98, 11, 109
32, 92, 124
61, 38, 99
39, 13, 52
22, 12, 34
23, 26, 49
94, 64, 158
21, 11, 32
63, 38, 101
12, 78, 90
33, 70, 103
74, 49, 123
55, 48, 103
2, 37, 39
12, 77, 89
11, 57, 68
30, 96, 126
5, 67, 72
78, 64, 142
29, 18, 47
88, 30, 118
61, 90, 151
89, 31, 120
56, 89, 145
75, 44, 119
45, 23, 68
73, 3, 76
57, 85, 142
43, 74, 117
7, 19, 26
27, 79, 106
81, 31, 112
62, 4, 66
5, 38, 43
93, 27, 120
23, 49, 72
50, 20, 70
72, 87, 159
60, 86, 146
71, 6, 77
7, 86, 93
75, 62, 137
60, 68, 128
67, 87, 154
35, 95, 130
56, 82, 138
65, 8, 73
4, 46, 50
64, 56, 120
43, 8, 51
65, 75, 140
28, 66, 94
36, 85, 121
35, 89, 124
87, 65, 152
47, 70, 117
38, 42, 80
24, 2, 26
12, 70, 82
61, 58, 119
37, 1, 38
64, 9, 73
1, 7, 8
4, 10, 14
65, 21, 86
99, 90, 189
44, 93, 137
35, 44, 79
74, 16, 90
22, 23, 45
4, 2, 6
55, 39, 94
73, 71, 144
96, 60, 156
16, 43, 59
88, 55, 143
90, 53, 143
60, 96, 156
65, 29, 94
85, 35, 120
60, 29, 89
42, 64, 106
9, 10, 19
80, 74, 154
36, 6, 42
40, 34, 74
93, 63, 156
75, 95, 170
54, 46, 100
30, 64, 94
4, 35, 39
22, 65, 87
35, 64, 99
100, 87, 187
29, 5, 34
14, 68, 82
81, 9, 90
30, 95, 125
45, 69, 114
29, 99, 128
83, 51, 134
58, 70, 128
10, 43, 53
66, 3, 69
65, 44, 109
39, 40, 79
30, 79, 109
9, 29, 38
40, 42, 82
87, 69, 156
48, 68, 116
57, 99, 156
10, 60, 70
11, 99, 110
68, 80, 148
19, 88, 107
15, 55, 70
57, 70, 127
44, 89, 133
43, 41, 84
13, 77, 90
37, 91, 128
23, 97, 120
17, 93, 110
6, 57, 63
47, 43, 90
62, 53, 115
62, 34, 96
37, 84, 121
52, 79, 131
100, 26, 126
60, 48, 108
59, 4, 63
69, 43, 112
82, 31, 113
28, 78, 106
49, 71, 120
9, 87, 96
44, 1, 45
67, 14, 81
89, 26, 115
55, 80, 135
21, 4, 25
31, 50, 81
62, 52, 114
47, 44, 91
6, 58, 64
8, 14, 22
30, 69, 99
53, 24, 77
46, 54, 100
100, 85, 185
60, 22, 82
65, 31, 96
97, 84, 181
41, 46, 87
67, 13, 80
40, 33, 73
76, 31, 107
61, 55, 116
27, 75, 102
28, 68, 96
25, 22, 47
72, 96, 168
64, 58, 122
24, 80, 104
13, 7, 20
39, 97, 136
1, 5, 6
59, 56, 115
13, 37, 50
54, 73, 127
69, 74, 143
30, 72, 102
3, 22, 25
10, 91, 101
70, 40, 110
21, 31, 52
96, 78, 174
47, 87, 134
21, 70, 91
90, 81, 171
82, 55, 137
44, 49, 93
37, 48, 85
90, 95, 185
45, 27, 72
16, 12, 28
23, 23, 46
35, 33, 68
7, 90, 97
70, 47, 117
21, 43, 64
17, 34, 51
1, 21, 22
99, 74, 173
49, 96, 145
75, 74, 149
94, 18, 112
50, 75, 125
59, 78, 137
50, 26, 76
74, 32, 106
96, 15, 111
21, 65, 86
78, 91, 169
77, 20, 97
35, 88, 123
95, 20, 115
67, 62, 129
33, 20, 53
92, 8, 100
10, 52, 62
93, 22, 115
58, 75, 133
51, 46, 97
9, 46, 55
19, 80, 99
43, 58, 101
29, 70, 99
8, 70, 78
34, 30, 64
35, 58, 93
76, 14, 90
2, 27, 29
99, 86, 185
21, 38, 59
52, 89, 141
49, 1, 50
49, 98, 147
40, 87, 127
53, 83, 136
75, 82, 157
30, 74, 104
28, 90, 118
37, 74, 111
57, 39, 96
90, 1, 91
68, 46, 114
72, 37, 109
82, 27, 109
35, 6, 41
40, 86, 126
11, 67, 78
17, 63, 80
23, 76, 99
42, 14, 56
4, 68, 72
33, 96, 129
63, 59, 122
41, 27, 68
35, 82, 117
16, 16, 32
9, 35, 44
78, 13, 91
97, 62, 159
98, 75, 173
36, 44, 80
63, 83, 146
66, 87, 153
47, 51, 98
68, 57, 125
78, 95, 173
93, 65, 158
22, 23, 45
69, 68, 137
17, 14, 31
38, 6, 44
82, 39, 121
28, 36, 64
41, 3, 44
73, 62, 135
13, 6, 19
93, 43, 136
78, 61, 139
56, 82, 138
61, 63, 124
11, 41, 52
60, 30, 90
19, 60, 79
12, 45, 57
19, 39, 58
77, 74, 151
94, 37, 131
68, 76, 144
21, 91, 112
18, 22, 40
13, 26, 39
89, 93, 182
12, 33, 45
30, 62, 92
38, 40, 78
59, 31, 90
67, 54, 121
69, 47, 116
31, 22, 53
12, 37, 49
48, 5, 53
70, 21, 91
82, 27, 109
69, 66, 135
34, 98, 132
72, 4, 76
17, 28, 45
52, 31, 83
18, 63, 81
8, 32, 40
31, 29, 60
64, 15, 79
91, 45, 136
25, 10, 35
73, 84, 157
82, 60, 142
69, 47, 116
61, 4, 65
92, 12, 104
49, 99, 148
30, 32, 62
29, 48, 77
54, 42, 96
51, 20, 71
86, 11, 97
63, 79, 142
3, 35, 38
75, 70, 145
49, 21, 70
16, 80, 96
83, 46, 129
28, 42, 70
60, 94, 154
91, 4, 95
57, 52, 109
12, 12, 24
87, 66, 153
13, 25, 38
78, 17, 95
34, 73, 107
51, 10, 61
93, 51, 144
31, 60, 91
86, 92, 178
28, 88, 116
98, 57, 155
56, 1, 57
92, 93, 185
7, 7, 14
27, 8, 35
28, 94, 122
87, 65, 152
84, 19, 103
80, 71, 151
27, 19, 46
89, 88, 177
66, 18, 84
33, 13, 46
10, 91, 101
79, 50, 129
60, 91, 151
64, 90, 154
81, 85, 166
64, 48, 112
82, 76, 158
75, 85, 160
89, 70, 159
13, 35, 48
3, 3, 6
49, 31, 80
63, 3, 66
87, 71, 158
99, 26, 125
21, 79, 100
71, 9, 80
97, 69, 166
49, 97, 146
23, 82, 105
49, 18, 67
29, 21, 50
35, 94, 129
67, 1, 68
82, 43, 125
14, 9, 23
15, 53, 68
7, 93, 100
68, 60, 128
52, 11, 63
96, 91, 187
80, 94, 174
17, 14, 31
6, 74, 80
45, 15, 60
16, 77, 93
68, 11, 79
54, 69, 123
19, 73, 92
47, 48, 95
57, 50, 107
98, 100, 198
82, 7, 89
78, 19, 97
91, 58, 149
89, 34, 123
68, 74, 142
66, 28, 94
19, 27, 46
3, 79, 82
57, 25, 82
31, 78, 109
60, 72, 132
30, 59, 89
91, 93, 184
76, 43, 119
13, 15, 28
70, 21, 91
19, 23, 42
100, 60, 160
77, 38, 115
71, 42, 113
23, 53, 76
50, 54, 104
96, 24, 120
12, 5, 17
50, 19, 69
86, 48, 134
52, 100, 152
58, 64, 122
58, 49, 107
23, 60, 83
96, 15, 111
43, 71, 114
25, 1, 26
73, 10, 83
61, 61, 122
72, 75, 147
100, 75, 175
54, 3, 57
91, 52, 143
60, 7, 67
42, 72, 114
98, 1, 99
27, 81, 108
54, 6, 60
77, 57, 134
48, 91, 139
92, 30, 122
14, 24, 38
40, 6, 46
14, 22, 36
2, 28, 30
8, 20, 28
11, 66, 77
26, 44, 70
27, 60, 87
91, 76, 167
60, 41, 101
29, 15, 44
99, 87, 186
72, 91, 163
11, 55, 66
67, 29, 96
93, 64, 157
89, 43, 132
5, 57, 62
53, 16, 69
68, 82, 150
97, 1, 98
13, 35, 48
22, 74, 96
64, 94, 158
84, 4, 88
34, 3, 37
18, 32, 50
41, 50, 91
74, 61, 135
64, 31, 95
28, 8, 36
73, 25, 98
84, 32, 116
99, 70, 169
25, 92, 117
22, 9, 31
32, 55, 87
4, 35, 39
66, 3, 69
96, 40, 136
8, 12, 20
27, 51, 78
39, 45, 84
8, 60, 68
16, 3, 19
24, 76, 100
56, 10, 66
69, 78, 147
7, 32, 39
49, 5, 54
74, 34, 108
18, 1, 19
48, 81, 129
98, 49, 147
4, 66, 70
60, 47, 107
31, 21, 52
61, 80, 141
59, 78, 137
60, 68, 128
95, 67, 162
92, 68, 160
27, 49, 76
90, 41, 131
3, 52, 55
43, 6, 49
16, 41, 57
50, 77, 127
38, 91, 129
84, 2, 86
23, 41, 64
30, 99, 129
1, 96, 97
82, 7, 89
60, 22, 82
14, 57, 71
94, 88, 182
7, 56, 63
76, 22, 98
63, 81, 144
35, 22, 57
78, 27, 105
79, 21, 100
68, 10, 78
19, 8, 27
95, 69, 164
3, 68, 71
41, 90, 131
16, 91, 107
90, 31, 121
97, 27, 124
27, 43, 70
7, 60, 67
83, 62, 145
92, 77, 169
31, 20, 51
100, 80, 180
38, 20, 58
49, 98, 147
26, 20, 46
95, 13, 108
36, 9, 45
60, 93, 153
61, 86, 147
54, 59, 113
71, 81, 152
26, 60, 86
41, 44, 85
47, 53, 100
25, 81, 106
27, 53, 80
38, 4, 42
30, 35, 65
34, 90, 124
96, 96, 192
7, 84, 91
88, 83, 171
25, 74, 99
27, 31, 58
45, 46, 91
18, 99, 117
37, 75, 112
6, 40, 46
88, 91, 179
99, 68, 167
26, 6, 32
84, 29, 113
99, 42, 141
72, 75, 147
8, 84, 92
14, 58, 72
78, 84, 162
68, 12, 80
23, 33, 56
72, 74, 146
71, 48, 119
88, 63, 151
77, 72, 149
12, 87, 99
88, 62, 150
14, 92, 106
69, 56, 125
79, 98, 177
35, 69, 104
18, 88, 106
15, 12, 27
15, 13, 28
76, 66, 142
57, 49, 106
72, 8, 80
71, 12, 83
56, 31, 87
85, 79, 164
50, 10, 60
90, 29, 119
73, 90, 163
81, 76, 157
100, 92, 192
52, 87, 139
92, 85, 177
37, 94, 131
48, 38, 86
39, 1, 40
1, 40, 41
37, 53, 90
96, 83, 179
13, 28, 41
41, 98, 139
10, 57, 67
55, 88, 143
26, 35, 61
96, 80, 176
17, 14, 31
4, 50, 54
92, 78, 170
29, 82, 111
29, 7, 36
34, 100, 134
16, 96, 112
24, 39, 63
13, 31, 44
2, 75, 77
2, 19, 21
54, 46, 100
27, 65, 92
33, 67, 100
30, 85, 115
99, 77, 176
95, 35, 130
68, 28, 96
32, 28, 60
55, 85, 140
82, 81, 163
36, 46, 82
1, 96, 97
2, 11, 13
51, 66, 117
77, 24, 101
6, 17, 23
31, 66, 97
14, 39, 53
47, 64, 111
66, 22, 88
67, 79, 146
89, 40, 129
18, 2, 20
46, 92, 138
53, 73, 126
13, 43, 56
18, 82, 100
88, 50, 138
83, 64, 147
49, 100, 149
70, 72, 142
97, 15, 112
5, 80, 85
94, 11, 105
81, 13, 94
87, 68, 155
93, 29, 122
84, 17, 101
90, 66, 156
44, 55, 99
8, 42, 50
88, 30, 118
64, 8, 72
86, 77, 163
18, 1, 19
41, 66, 107
36, 42, 78
17, 88, 105
57, 27, 84
87, 66, 153
84, 10, 94
12, 51, 63
32, 73, 105
65, 44, 109
14, 61, 75
60, 71, 131
29, 67, 96
42, 43, 85
15, 81, 96
90, 85, 175
12, 10, 22
65, 6, 71
18, 74, 92
35, 9, 44
89, 33, 122
24, 46, 70
2, 18, 20
58, 2, 60
59, 84, 143
9, 58, 67
10, 13, 23
94, 26, 120
4, 100, 104
10, 2, 12
71, 75, 146
37, 63, 100
83, 67, 150
99, 79, 178
23, 31, 54
49, 1, 50
37, 72, 109
68, 38, 106
39, 4, 43
9, 90, 99
61, 90, 151
31, 81, 112
80, 46, 126
1, 5, 6
76, 98, 174
91, 10, 101
61, 82, 143
14, 6, 20
34, 51, 85
91, 31, 122
14, 23, 37
94, 88, 182
5, 32, 37
23, 39, 62
1, 89, 90
42, 64, 106
76, 44, 120
65, 6, 71
55, 67, 122
18, 43, 61
4, 43, 47
88, 47, 135
20, 40, 60
60, 87, 147
49, 1, 50
47, 69, 116
83, 14, 97
86, 24, 110
68, 53, 121
78, 54, 132
74, 62, 136
84, 69, 153
9, 25, 34
31, 83, 114
65, 37, 102
60, 2, 62
89, 15, 104
95, 74, 169
64, 92, 156
96, 74, 170
2, 42, 44
100, 93, 193
27, 83, 110
2, 55, 57
68, 26, 94
21, 19, 40
5, 47, 52
64, 93, 157
76, 32, 108
73, 95, 168
82, 93, 175
93, 81, 174
100, 8, 108
20, 76, 96
79, 86, 165
50, 73, 123
26, 37, 63
13, 41, 54
68, 32, 100
2, 37, 39
85, 98, 183
63, 72, 135
4, 51, 55
96, 52, 148
22, 88, 110
21, 90, 111
83, 52, 135
42, 36, 78
51, 84, 135
34, 28, 62
25, 3, 28
53, 80, 133
17, 85, 102
59, 80, 139
52, 30, 82
10, 94, 104
94, 73, 167
63, 58, 121
51, 74, 125
74, 99, 173
37, 27, 64
45, 75, 120
67, 55, 122
50, 10, 60
64, 20, 84
40, 77, 117
40, 41, 81
83, 62, 145
63, 4, 67
22, 48, 70
35, 87, 122
3, 31, 34
36, 87, 123
87, 43, 130
67, 7, 74
67, 95, 162
5, 50, 55
30, 18, 48
8, 89, 97
59, 73, 132
19, 77, 96
5, 69, 74
37, 95, 132
39, 23, 62
26, 14, 40
46, 23, 69
5, 87, 92
84, 92, 176
15, 43, 58
78, 44, 122
88, 88, 176
27, 40, 67
74, 6, 80
79, 81, 160
47, 16, 63
12, 65, 77
58, 13, 71
96, 46, 142
2, 87, 89
89, 78, 167
48, 98, 146
64, 100, 164
9, 67, 76
71, 58, 129
29, 6, 35
4, 18, 22
56, 20, 76
39, 23, 62
12, 65, 77
51, 55, 106
65, 20, 85
1, 93, 94
58, 17, 75
89, 20, 109
82, 49, 131
71, 16, 87
78, 44, 122
61, 3, 64
27, 50, 77
12, 26, 38
47, 35, 82
46, 71, 117
22, 58, 80
74, 9, 83
50, 64, 114
33, 52, 85
61, 92, 153
49, 9, 58
6, 34, 40
55, 89, 144
67, 1, 68
59, 35, 94
10, 51, 61
27, 1, 28
99, 21, 120
15, 10, 25
50, 51, 101
2, 64, 66
24, 25, 49
68, 37, 105
4, 93, 97
87, 41, 128
83, 93, 176
43, 86, 129
80, 47, 127
56, 53, 109
18, 46, 64
8, 72, 80
91, 59, 150
29, 41, 70
70, 4, 74
99, 2, 101
51, 14, 65
17, 19, 36
12, 29, 41
34, 72, 106
39, 33, 72
81, 28, 109
18, 25, 43
23, 55, 78
78, 80, 158
11, 34, 45
26, 44, 70
85, 77, 162
100, 35, 135
21, 76, 97
38, 79, 117
54, 45, 99
10, 10, 20
17, 49, 66
96, 41, 137
92, 94, 186
67, 62, 129
94, 46, 140
86, 55, 141
46, 25, 71
61, 78, 139
88, 84, 172
29, 12, 41
87, 83, 170
27, 39, 66
85, 78, 163
36, 65, 101
32, 27, 59
27, 74, 101
72, 72, 144
94, 86, 180
56, 23, 79
32, 72, 104
67, 21, 88
61, 16, 77
95, 76, 171
91, 62, 153
19, 78, 97
99, 72, 171
64, 12, 76
36, 29, 65
70, 60, 130
40, 24, 64
99, 55, 154
14, 81, 95
6, 12, 18
17, 31, 48
5, 100, 105
27, 35, 62
94, 61, 155
87, 35, 122
62, 29, 91
53, 66, 119
46, 15, 61
100, 24, 124
2, 52, 54
70, 80, 150
3, 5, 8
95, 91, 186
97, 79, 176
74, 84, 158
90, 22, 112
76, 75, 151
73, 95, 168
80, 26, 106
51, 10, 61
98, 58, 156
74, 59, 133
52, 63, 115
48, 72, 120
67, 80, 147
99, 52, 151
32, 75, 107
99, 87, 186
47, 21, 68
91, 75, 166
93, 59, 152
98, 64, 162
90, 73, 163
30, 89, 119
5, 27, 32
89, 27, 116
69, 32, 101
8, 68, 76
32, 85, 117
32, 34, 66
52, 58, 110
28, 33, 61
84, 45, 129
93, 64, 157
97, 10, 107
19, 26, 45
62, 22, 84
26, 90, 116
44, 65, 109
30, 49, 79
75, 11, 86
89, 34, 123
57, 27, 84
29, 5, 34
36, 54, 90
60, 87, 147
23, 38, 61
64, 24, 88
96, 52, 148
88, 39, 127
73, 40, 113
8, 74, 82
27, 44, 71
28, 71, 99
99, 28, 127
64, 26, 90
91, 26, 117
62, 43, 105
83, 22, 105
78, 19, 97
49, 28, 77
65, 12, 77
79, 52, 131
97, 89, 186
98, 22, 120
16, 92, 108
82, 61, 143
35, 46, 81
73, 79, 152
48, 50, 98
54, 17, 71
25, 57, 82
22, 100, 122
97, 30, 127
18, 24, 42
44, 60, 104
38, 76, 114
7, 85, 92
21, 23, 44
100, 76, 176
50, 17, 67
87, 92, 179
50, 73, 123
96, 3, 99
97, 73, 170
17, 26, 43
57, 92, 149
14, 73, 87
37, 47, 84
90, 87, 177
49, 17, 66
14, 96, 110
81, 93, 174
50, 18, 68
74, 49, 123
77, 10, 87
33, 59, 92
39, 18, 57
26, 98, 124
87, 14, 101
97, 59, 156
20, 22, 42
52, 15, 67
77, 56, 133
37, 77, 114
34, 79, 113
67, 47, 114
69, 10, 79
76, 48, 124
32, 94, 126
61, 6, 67
75, 79, 154
96, 59, 155
68, 72, 140
76, 6, 82
96, 35, 131
16, 61, 77
42, 80, 122
62, 24, 86
83, 58, 141
73, 20, 93
57, 7, 64
75, 51, 126
5, 70, 75
5, 94, 99
19, 27, 46
17, 46, 63
98, 23, 121
42, 84, 126
72, 37, 109
59, 27, 86
64, 16, 80
89, 13, 102
90, 70, 160
73, 38, 111
72, 40, 112
84, 65, 149
52, 7, 59
74, 61, 135
29, 46, 75
30, 69, 99
42, 43, 85
88, 22, 110
9, 62, 71
46, 58, 104
59, 17, 76
31, 46, 77
4, 36, 40
86, 54, 140
75, 17, 92
88, 93, 181
15, 88, 103
19, 9, 28
10, 36, 46
87, 93, 180
30, 98, 128
60, 66, 126
78, 71, 149
100, 37, 137
12, 2, 14
22, 29, 51
16, 29, 45
3, 21, 24
15, 76, 91
12, 14, 26
96, 66, 162
62, 76, 138
38, 54, 92
44, 43, 87
82, 47, 129
94, 96, 190
81, 44, 125
74, 86, 160
67, 2, 69
15, 27, 42
45, 37, 82
98, 31, 129
7, 29, 36
13, 49, 62
7, 17, 24
60, 68, 128
81, 96, 177
85, 80, 165
78, 91, 169
12, 68, 80
16, 82, 98
63, 84, 147
36, 9, 45
99, 58, 157
67, 63, 130
23, 93, 116
41, 19, 60
73, 81, 154
66, 81, 147
56, 56, 112
42, 67, 109
73, 64, 137
57, 9, 66
24, 14, 38
71, 3, 74
18, 52, 70
88, 81, 169
34, 62, 96
28, 20, 48
96, 18, 114
95, 80, 175
56, 25, 81
42, 19, 61
15, 33, 48
84, 37, 121
90, 82, 172
90, 79, 169
63, 49, 112
10, 89, 99
21, 100, 121
40, 56, 96
10, 26, 36
19, 24, 43
41, 96, 137
24, 46, 70
59, 24, 83
72, 37, 109
7, 77, 84
16, 81, 97
52, 11, 63
94, 14, 108
63, 11, 74
27, 90, 117
9, 99, 108
33, 75, 108
15, 83, 98
14, 27, 41
90, 15, 105
78, 69, 147
77, 18, 95
79, 28, 107
67, 61, 128
64, 10, 74
9, 47, 56
42, 58, 100
70, 40, 110
83, 57, 140
21, 91, 112
44, 19, 63
38, 73, 111
33, 38, 71
76, 40, 116
68, 69, 137
53, 10, 63
12, 83, 95
28, 92, 120
29, 2, 31
6, 11, 17
58, 24, 82
67, 70, 137
50, 99, 149
53, 40, 93
35, 30, 65
85, 90, 175
5, 60, 65
9, 45, 54
69, 2, 71
36, 56, 92
7, 73, 80
52, 6, 58
2, 88, 90
40, 4, 44
31, 58, 89
91, 75, 166
57, 66, 123
87, 59, 146
77, 92, 169
73, 99, 172
100, 66, 166
97, 8, 105
3, 68, 71
22, 72, 94
62, 23, 85
55, 78, 133
83, 32, 115
97, 6, 103
19, 94, 113
77, 43, 120
71, 99, 170
69, 61, 130
28, 45, 73
33, 48, 81
44, 74, 118
75, 79, 154
53, 41, 94
90, 96, 186
30, 60, 90
89, 59, 148
9, 54, 63
88, 78, 166
43, 89, 132
78, 67, 145
24, 19, 43
40, 35, 75
50, 74, 124
76, 93, 169
65, 93, 158
23, 61, 84
16, 14, 30
44, 78, 122
33, 57, 90
86, 22, 108
30, 100, 130
67, 98, 165
33, 51, 84
95, 65, 160
57, 71, 128
52, 7, 59
26, 54, 80
68, 1, 69
59, 5, 64
23, 36, 59
26, 73, 99
74, 54, 128
25, 58, 83
33, 100, 133
29, 8, 37
89, 24, 113
89, 92, 181
4, 41, 45
31, 26, 57
13, 44, 57
32, 8, 40
40, 56, 96
56, 10, 66
56, 3, 59
61, 1, 62
70, 85, 155
21, 42, 63
27, 16, 43
82, 70, 152
78, 32, 110
78, 10, 88
36, 76, 112
64, 24, 88
40, 21, 61
42, 67, 109
29, 25, 54
28, 83, 111
82, 24, 106
8, 52, 60
19, 73, 92
99, 47, 146
68, 50, 118
88, 11, 99
89, 65, 154
32, 97, 129
61, 84, 145
79, 68, 147
85, 62, 147
79, 11, 90
97, 18, 115
29, 25, 54
57, 3, 60
69, 29, 98
47, 50, 97
97, 82, 179
12, 19, 31
29, 34, 63
59, 99, 158
94, 62, 156
41, 1, 42
67, 95, 162
1, 46, 47
38, 86, 124
48, 5, 53
42, 11, 53
41, 88, 129
99, 17, 116
55, 30, 85
70, 70, 140
81, 72, 153
52, 18, 70
14, 89, 103
94, 1, 95
51, 67, 118
77, 68, 145
75, 36, 111
27, 43, 70
28, 95, 123
18, 21, 39
10, 96, 106
76, 66, 142
39, 96, 135
86, 51, 137
44, 15, 59
9, 39, 48
68, 15, 83
62, 95, 157
83, 36, 119
97, 20, 117
41, 72, 113
30, 60, 90
61, 82, 143
45, 20, 65
44, 67, 111
43, 71, 114
87, 43, 130
53, 46, 99
88, 36, 124
59, 25, 84
48, 49, 97
11, 29, 40
26, 88, 114
35, 87, 122
99, 61, 160
36, 11, 47
31, 70, 101
78, 65, 143
40, 9, 49
79, 42, 121
46, 100, 146
23, 70, 93
89, 41, 130
97, 43, 140
20, 17, 37
36, 91, 127
54, 19, 73
68, 85, 153
51, 73, 124
13, 67, 80
70, 40, 110
60, 32, 92
52, 48, 100
3, 89, 92
28, 93, 121
67, 9, 76
13, 93, 106
20, 54, 74
39, 1, 40
99, 6, 105
72, 9, 81
83, 8, 91
34, 15, 49
44, 7, 51
7, 28, 35
88, 55, 143
54, 9, 63
47, 39, 86
32, 86, 118
38, 11, 49
73, 48, 121
46, 53, 99
21, 19, 40
88, 60, 148
41, 27, 68
17, 38, 55
42, 4, 46
52, 12, 64
59, 3, 62
22, 73, 95
95, 79, 174
65, 40, 105
4, 63, 67
70, 99, 169
7, 99, 106
88, 3, 91
87, 6, 93
47, 82, 129
5, 27, 32
91, 52, 143
3, 56, 59
63, 55, 118
59, 8, 67
17, 18, 35
21, 14, 35
73, 53, 126
13, 47, 60
36, 57, 93
63, 90, 153
49, 3, 52
47, 12, 59
84, 93, 177
29, 45, 74
46, 56, 102
70, 43, 113
61, 21, 82
67, 23, 90
20, 22, 42
52, 92, 144
96, 26, 122
70, 14, 84
43, 56, 99
4, 61, 65
5, 70, 75
65, 1, 66
7, 49, 56
36, 100, 136
5, 31, 36
70, 80, 150
68, 89, 157
42, 42, 84
45, 49, 94
3, 56, 59
84, 43, 127
64, 29, 93
27, 86, 113
27, 44, 71
27, 11, 38
44, 56, 100
88, 24, 112
91, 84, 175
15, 99, 114
13, 7, 20
81, 54, 135
7, 32, 39
30, 51, 81
38, 47, 85
64, 39, 103
98, 30, 128
19, 35, 54
25, 63, 88
6, 23, 29
73, 45, 118
9, 95, 104
11, 88, 99
73, 82, 155
85, 74, 159
12, 89, 101
67, 17, 84
28, 40, 68
67, 27, 94
91, 22, 113
46, 31, 77
54, 19, 73
94, 39, 133
61, 16, 77
42, 62, 104
75, 80, 155
51, 71, 122
3, 26, 29
100, 52, 152
55, 30, 85
7, 65, 72
92, 80, 172
56, 26, 82
28, 37, 65
59, 73, 132
20, 99, 119
45, 66, 111
23, 84, 107
39, 15, 54
82, 16, 98
76, 28, 104
28, 34, 62
37, 10, 47
97, 11, 108
89, 8, 97
41, 29, 70
76, 30, 106
7, 34, 41
2, 83, 85
39, 41, 80
15, 51, 66
82, 31, 113
7, 33, 40
81, 62, 143
98, 58, 156
50, 51, 101
97, 68, 165
69, 80, 149
90, 66, 156
6, 45, 51
48, 31, 79
92, 100, 192
96, 50, 146
74, 15, 89
23, 65, 88
31, 19, 50
38, 10, 48
43, 43, 86
68, 86, 154
27, 56, 83
49, 25, 74
2, 14, 16
55, 11, 66
71, 88, 159
49, 31, 80
62, 95, 157
6, 42, 48
73, 88, 161
35, 17, 52
8, 58, 66
39, 35, 74
26, 44, 70
79, 5, 84
41, 56, 97
29, 13, 42
40, 13, 53
12, 41, 53
57, 54, 111
88, 24, 112
68, 91, 159
88, 62, 150
32, 8, 40
48, 14, 62
96, 19, 115
85, 92, 177
23, 71, 94
61, 28, 89
88, 93, 181
84, 45, 129
79, 100, 179
72, 17, 89
66, 87, 153
74, 31, 105
18, 81, 99
37, 52, 89
89, 72, 161
81, 21, 102
36, 37, 73
16, 11, 27
90, 85, 175
29, 94, 123
60, 94, 154
6, 27, 33
95, 40, 135
78, 13, 91
8, 50, 58
13, 33, 46
38, 77, 115
73, 80, 153
51, 63, 114
95, 71, 166
67, 16, 83
56, 97, 153
48, 29, 77
12, 98, 110
74, 73, 147
67, 66, 133
34, 87, 121
52, 30, 82
17, 60, 77
22, 79, 101
11, 69, 80
43, 81, 124
89, 62, 151
6, 50, 56
64, 1, 65
56, 32, 88
59, 26, 85
36, 9, 45
41, 12, 53
49, 48, 97
57, 6, 63
22, 50, 72
38, 32, 70
59, 76, 135
60, 98, 158
96, 6, 102
75, 37, 112
30, 55, 85
89, 66, 155
75, 82, 157
4, 77, 81
66, 22, 88
98, 43, 141
76, 14, 90
16, 16, 32
80, 60, 140
92, 1, 93
6, 6, 12
52, 57, 109
16, 68, 84
20, 88, 108
69, 85, 154
44, 61, 105
80, 32, 112
94, 93, 187
30, 100, 130
14, 18, 32
95, 45, 140
25, 17, 42
44, 31, 75
98, 43, 141
62, 48, 110
31, 33, 64
77, 88, 165
4, 43, 47
1, 35, 36
12, 15, 27
40, 95, 135
88, 69, 157
83, 85, 168
25, 21, 46
33, 44, 77
11, 89, 100
16, 88, 104
34, 28, 62
30, 9, 39
34, 34, 68
70, 28, 98
7, 94, 101
7, 44, 51
80, 68, 148
74, 23, 97
81, 16, 97
23, 5, 28
86, 92, 178
94, 26, 120
24, 27, 51
86, 91, 177
91, 29, 120
19, 56, 75
66, 14, 80
21, 14, 35
78, 26, 104
54, 48, 102
13, 22, 35
12, 99, 111
94, 12, 106
8, 22, 30
5, 61, 66
17, 51, 68
18, 21, 39
46, 29, 75
31, 1, 32
9, 40, 49
72, 31, 103
85, 96, 181
6, 76, 82
3, 8, 11
50, 6, 56
89, 95, 184
56, 90, 146
50, 1, 51
99, 45, 144
92, 78, 170
27, 87, 114
36, 8, 44
93, 78, 171
82, 35, 117
31, 89, 120
16, 48, 64
65, 75, 140
59, 83, 142
16, 84, 100
47, 65, 112
51, 6, 57
93, 3, 96
91, 4, 95
47, 15, 62
87, 84, 171
64, 16, 80
96, 83, 179
100, 92, 192
71, 64, 135
94, 20, 114
9, 33, 42
36, 73, 109
15, 46, 61
12, 65, 77
96, 24, 120
91, 9, 100
96, 1, 97
43, 36, 79
80, 70, 150
53, 88, 141
55, 3, 58
46, 100, 146
15, 5, 20
98, 46, 144
77, 28, 105
43, 59, 102
8, 79, 87
90, 60, 150
32, 35, 67
87, 44, 131
17, 54, 71
50, 50, 100
86, 78, 164
15, 58, 73
67, 99, 166
13, 59, 72
27, 12, 39
51, 38, 89
91, 24, 115
31, 34, 65
2, 8, 10
66, 26, 92
15, 95, 110
9, 100, 109
27, 15, 42
84, 3, 87
1, 93, 94
73, 11, 84
78, 98, 176
96, 15, 111
88, 21, 109
99, 38, 137
57, 28, 85
10, 74, 84
62, 91, 153
68, 7, 75
35, 56, 91
62, 88, 150
67, 55, 122
23, 42, 65
81, 1, 82
79, 94, 173
78, 36, 114
95, 67, 162
12, 74, 86
72, 67, 139
24, 97, 121
23, 67, 90
99, 55, 154
50, 41, 91
18, 74, 92
51, 35, 86
81, 9, 90
85, 13, 98
96, 21, 117
53, 65, 118
82, 11, 93
15, 56, 71
52, 15, 67
71, 50, 121
83, 45, 128
57, 7, 64
6, 66, 72
26, 73, 99
35, 16, 51
9, 74, 83
26, 100, 126
92, 91, 183
49, 24, 73
44, 44, 88
62, 41, 103
51, 27, 78
46, 71, 117
63, 75, 138
58, 50, 108
50, 53, 103
7, 64, 71
62, 3, 65
63, 45, 108
36, 34, 70
94, 91, 185
72, 83, 155
26, 46, 72
49, 32, 81
57, 32, 89
47, 100, 147
15, 83, 98
6, 86, 92
90, 28, 118
33, 57, 90
37, 95, 132
35, 33, 68
36, 96, 132
28, 53, 81
68, 76, 144
58, 70, 128
6, 73, 79
28, 29, 57
86, 93, 179
13, 12, 25
29, 69, 98
51, 65, 116
92, 44, 136
16, 22, 38
9, 13, 22
28, 27, 55
45, 10, 55
7, 40, 47
35, 5, 40
78, 26, 104
100, 7, 107
26, 92, 118
82, 32, 114
65, 86, 151
45, 47, 92
98, 89, 187
12, 70, 82
13, 35, 48
65, 23, 88
37, 15, 52
8, 47, 55
97, 17, 114
66, 30, 96
96, 60, 156
12, 58, 70
100, 59, 159
89, 81, 170
74, 94, 168
86, 98, 184
82, 5, 87
63, 47, 110
56, 38, 94
69, 34, 103
59, 70, 129
12, 57, 69
82, 92, 174
44, 76, 120
24, 9, 33
62, 47, 109
79, 83, 162
76, 13, 89
6, 81, 87
13, 65, 78
67, 71, 138
3, 94, 97
34, 56, 90
7, 11, 18
42, 52, 94
90, 18, 108
100, 67, 167
45, 70, 115
41, 58, 99
60, 99, 159
17, 14, 31
30, 20, 50
60, 39, 99
61, 76, 137
46, 90, 136
89, 37, 126
16, 82, 98
16, 44, 60
83, 34, 117
82, 80, 162
86, 13, 99
69, 19, 88
26, 35, 61
83, 99, 182
91, 87, 178
25, 27, 52
70, 70, 140
6, 36, 42
88, 95, 183
41, 59, 100
71, 17, 88
63, 14, 77
91, 42, 133
15, 60, 75
54, 98, 152
59, 46, 105
27, 74, 101
57, 100, 157
26, 78, 104
32, 75, 107
49, 15, 64
22, 23, 45
45, 42, 87
23, 37, 60
42, 1, 43
60, 71, 131
21, 19, 40
11, 40, 51
84, 25, 109
7, 87, 94
28, 79, 107
74, 36, 110
49, 52, 101
79, 28, 107
38, 100, 138
14, 78, 92
73, 63, 136
85, 79, 164
92, 15, 107
16, 47, 63
82, 71, 153
39, 7, 46
86, 98, 184
36, 29, 65
34, 95, 129
11, 29, 40
85, 36, 121
28, 40, 68
90, 94, 184
6, 50, 56
75, 85, 160
64, 3, 67
34, 5, 39
90, 49, 139
100, 56, 156
11, 26, 37
75, 34, 109
77, 94, 171
19, 8, 27
94, 71, 165
46, 59, 105
73, 46, 119
83, 74, 157
14, 46, 60
45, 2, 47
23, 29, 52
60, 11, 71
96, 27, 123
91, 83, 174
25, 23, 48
34, 63, 97
17, 20, 37
19, 21, 40
46, 69, 115
33, 95, 128
96, 34, 130
31, 58, 89
5, 23, 28
3, 99, 102
63, 17, 80
71, 48, 119
60, 22, 82
34, 45, 79
93, 97, 190
71, 43, 114
11, 80, 91
56, 11, 67
45, 32, 77
68, 76, 144
41, 53, 94
96, 9, 105
60, 97, 157
69, 87, 156
29, 70, 99
60, 14, 74
99, 81, 180
30, 82, 112
52, 43, 95
71, 5, 76
47, 12, 59
65, 98, 163
96, 3, 99
52, 28, 80
71, 6, 77
40, 44, 84
61, 3, 64
45, 44, 89
19, 33, 52
54, 85, 139
60, 67, 127
68, 91, 159
40, 79, 119
40, 44, 84
92, 34, 126
65, 13, 78
4, 47, 51
10, 68, 78
21, 3, 24
96, 87, 183
71, 43, 114
14, 60, 74
46, 30, 76
79, 72, 151
34, 44, 78
100, 57, 157
52, 85, 137
82, 30, 112
44, 100, 144
71, 9, 80
100, 26, 126
4, 6, 10
62, 35, 97
63, 78, 141
46, 12, 58
37, 95, 132
45, 39, 84
67, 71, 138
58, 32, 90
74, 94, 168
73, 52, 125
11, 59, 70
59, 88, 147
25, 6, 31
48, 26, 74
78, 8, 86
25, 37, 62
53, 54, 107
68, 41, 109
89, 71, 160
11, 99, 110
37, 8, 45
19, 91, 110
46, 54, 100
29, 10, 39
82, 2, 84
98, 81, 179
92, 26, 118
11, 29, 40
59, 86, 145
27, 95, 122
70, 76, 146
22, 11, 33
46, 36, 82
67, 9, 76
53, 63, 116
26, 12, 38
49, 47, 96
53, 33, 86
62, 87, 149
63, 37, 100
85, 49, 134
47, 86, 133
82, 33, 115
24, 59, 83
13, 30, 43
39, 12, 51
49, 6, 55
23, 65, 88
51, 25, 76
28, 41, 69
71, 76, 147
59, 36, 95
26, 80, 106
48, 60, 108
88, 45, 133
6, 12, 18
17, 8, 25
83, 84, 167
67, 91, 158
4, 36, 40
32, 9, 41
12, 66, 78
1, 65, 66
7, 87, 94
26, 39, 65
40, 64, 104
25, 43, 68
66, 68, 134
51, 100, 151
63, 87, 150
44, 78, 122
2, 39, 41
54, 42, 96
77, 7, 84
7, 5, 12
91, 16, 107
69, 58, 127
3, 35, 38
12, 63, 75
77, 70, 147
67, 80, 147
14, 71, 85
28, 37, 65
49, 27, 76
63, 31, 94
88, 58, 146
96, 85, 181
53, 21, 74
58, 66, 124
18, 65, 83
25, 87, 112
32, 35, 67
14, 7, 21
16, 33, 49
19, 94, 113
53, 63, 116
90, 57, 147
29, 37, 66
41, 21, 62
23, 36, 59
41, 34, 75
1, 60, 61
92, 79, 171
37, 44, 81
75, 41, 116
9, 46, 55
10, 20, 30
70, 85, 155
31, 5, 36
84, 31, 115
81, 71, 152
10, 1, 11
49, 98, 147
36, 70, 106
62, 85, 147
72, 86, 158
97, 57, 154
40, 60, 100
93, 71, 164
90, 4, 94
37, 89, 126
48, 17, 65
94, 14, 108
95, 49, 144
35, 98, 133
71, 64, 135
19, 39, 58
55, 15, 70
43, 17, 60
98, 99, 197
94, 19, 113
57, 7, 64
33, 42, 75
72, 41, 113
54, 25, 79
29, 57, 86
70, 67, 137
39, 7, 46
7, 65, 72
10, 99, 109
80, 83, 163
14, 42, 56
76, 9, 85
4, 58, 62
64, 77, 141
45, 72, 117
74, 54, 128
70, 11, 81
15, 71, 86
13, 31, 44
37, 34, 71
89, 18, 107
33, 40, 73
1, 95, 96
95, 87, 182
42, 25, 67
65, 46, 111
15, 18, 33
37, 40, 77
74, 37, 111
18, 85, 103
7, 91, 98
38, 2, 40
69, 98, 167
100, 33, 133
20, 80, 100
86, 42, 128
68, 90, 158
87, 97, 184
8, 30, 38
63, 1, 64
33, 88, 121
45, 91, 136
58, 38, 96
60, 73, 133
68, 18, 86
65, 85, 150
88, 29, 117
35, 2, 37
64, 68, 132
51, 46, 97
90, 88, 178
9, 45, 54
24, 26, 50
12, 59, 71
30, 94, 124
55, 52, 107
38, 40, 78
52, 39, 91
97, 17, 114
37, 53, 90
39, 29, 68
61, 5, 66
2, 58, 60
98, 28, 126
41, 92, 133
36, 80, 116
40, 6, 46
25, 31, 56
1, 80, 81
41, 41, 82
85, 37, 122
16, 12, 28
50, 34, 84
48, 48, 96
65, 41, 106
48, 99, 147
93, 87, 180
77, 70, 147
31, 74, 105
50, 25, 75
20, 24, 44
52, 61, 113
83, 53, 136
18, 23, 41
95, 80, 175
78, 1, 79
57, 48, 105
67, 32, 99
68, 53, 121
96, 29, 125
32, 28, 60
91, 51, 142
29, 66, 95
80, 9, 89
67, 77, 144
30, 55, 85
94, 58, 152
76, 31, 107
12, 60, 72
86, 61, 147
32, 81, 113
57, 40, 97
14, 67, 81
92, 59, 151
42, 14, 56
88, 14, 102
73, 18, 91
2, 3, 5
85, 97, 182
32, 65, 97
6, 35, 41
63, 61, 124
32, 80, 112
80, 65, 145
17, 96, 113
73, 52, 125
42, 54, 96
88, 85, 173
26, 43, 69
31, 83, 114
13, 26, 39
20, 73, 93
60, 96, 156
76, 99, 175
30, 67, 97
6, 43, 49
20, 52, 72
15, 87, 102
68, 63, 131
99, 63, 162
72, 16, 88
4, 98, 102
30, 37, 67
44, 77, 121
7, 45, 52
73, 15, 88
21, 54, 75
36, 35, 71
35, 11, 46
51, 85, 136
18, 5, 23
28, 15, 43
31, 96, 127
49, 71, 120
100, 10, 110
50, 44, 94
56, 30, 86
89, 77, 166
47, 82, 129
64, 75, 139
10, 83, 93
97, 74, 171
31, 71, 102
8, 26, 34
22, 26, 48
76, 84, 160
30, 24, 54
88, 94, 182
1, 77, 78
79, 9, 88
39, 20, 59
2, 81, 83
84, 94, 178
19, 24, 43
92, 46, 138
90, 50, 140
59, 56, 115
18, 67, 85
45, 87, 132
58, 14, 72
42, 1, 43
37, 97, 134
64, 89, 153
18, 57, 75
15, 72, 87
1, 14, 15
74, 46, 120
22, 52, 74
97, 48, 145
54, 28, 82
68, 42, 110
37, 15, 52
29, 52, 81
35, 39, 74
40, 53, 93
18, 21, 39
77, 70, 147
93, 20, 113
12, 14, 26
21, 42, 63
34, 93, 127
93, 49, 142
37, 79, 116
79, 28, 107
41, 87, 128
88, 61, 149
70, 2, 72
61, 28, 89
67, 55, 122
72, 33, 105
15, 14, 29
78, 57, 135
72, 57, 129
67, 22, 89
55, 85, 140
62, 67, 129
10, 41, 51
32, 80, 112
5, 55, 60
69, 43, 112
72, 58, 130
7, 41, 48
91, 64, 155
55, 57, 112
95, 58, 153
91, 51, 142
6, 75, 81
86, 51, 137
70, 59, 129
90, 51, 141
27, 50, 77
31, 95, 126
23, 57, 80
55, 34, 89
94, 64, 158
23, 46, 69
27, 27, 54
40, 3, 43
86, 60, 146
50, 60, 110
71, 93, 164
39, 31, 70
25, 74, 99
12, 12, 24
73, 44, 117
60, 77, 137
42, 39, 81
37, 54, 91
70, 38, 108
69, 100, 169
51, 80, 131
81, 75, 156
64, 91, 155
62, 100, 162
31, 91, 122
66, 97, 163
10, 94, 104
20, 62, 82
80, 93, 173
15, 19, 34
15, 81, 96
30, 64, 94
87, 49, 136
68, 3, 71
92, 27, 119
27, 100, 127
69, 17, 86
71, 100, 171
51, 14, 65
52, 36, 88
61, 7, 68
57, 10, 67
8, 11, 19
15, 100, 115
93, 30, 123
49, 47, 96
54, 76, 130
11, 26, 37
86, 81, 167
24, 16, 40
60, 16, 76
39, 3, 42
36, 44, 80
90, 90, 180
83, 85, 168
11, 44, 55
34, 71, 105
16, 23, 39
70, 83, 153
66, 69, 135
90, 6, 96
19, 21, 40
21, 64, 85
83, 2, 85
72, 68, 140
46, 25, 71
32, 83, 115
35, 87, 122
45, 34, 79
64, 22, 86
35, 30, 65
20, 11, 31
2, 38, 40
12, 10, 22
72, 15, 87
11, 80, 91
97, 20, 117
69, 37, 106
98, 71, 169
9, 13, 22
17, 36, 53
86, 84, 170
20, 93, 113
41, 73, 114
89, 89, 178
13, 33, 46
17, 69, 86
17, 37, 54
12, 70, 82
79, 40, 119
51, 43, 94
79, 19, 98
25, 15, 40
80, 70, 150
23, 28, 51
37, 72, 109
38, 33, 71
11, 38, 49
53, 67, 120
70, 95, 165
2, 63, 65
41, 18, 59
70, 59, 129
64, 13, 77
67, 27, 94
57, 14, 71
23, 12, 35
68, 60, 128
73, 40, 113
95, 95, 190
84, 61, 145
44, 12, 56
22, 44, 66
77, 44, 121
54, 67, 121
99, 53, 152
99, 37, 136
100, 91, 191
50, 23, 73
31, 26, 57
38, 29, 67
26, 45, 71
89, 23, 112
18, 43, 61
65, 92, 157
66, 61, 127
28, 20, 48
10, 63, 73
44, 42, 86
68, 70, 138
20, 3, 23
42, 57, 99
13, 65, 78
96, 90, 186
55, 46, 101
70, 46, 116
96, 97, 193
8, 98, 106
76, 1, 77
30, 36, 66
88, 93, 181
6, 30, 36
54, 74, 128
17, 81, 98
8, 18, 26
50, 97, 147
87, 41, 128
26, 1, 27
34, 9, 43
43, 52, 95
62, 73, 135
4, 81, 85
42, 33, 75
70, 20, 90
61, 14, 75
44, 15, 59
2, 81, 83
72, 41, 113
92, 12, 104
20, 13, 33
60, 44, 104
25, 29, 54
18, 57, 75
23, 83, 106
20, 87, 107
6, 70, 76
42, 1, 43
5, 56, 61
90, 35, 125
9, 50, 59
26, 61, 87
18, 51, 69
94, 87, 181
70, 81, 151
37, 37, 74
70, 40, 110
51, 55, 106
68, 52, 120
90, 95, 185
85, 77, 162
24, 12, 36
89, 63, 152
70, 57, 127
7, 10, 17
40, 77, 117
88, 16, 104
90, 36, 126
44, 6, 50
34, 37, 71
9, 1, 10
10, 23, 33
7, 97, 104
56, 86, 142
8, 72, 80
94, 57, 151
4, 88, 92
78, 30, 108
49, 22, 71
19, 98, 117
34, 93, 127
30, 90, 120
19, 8, 27
100, 48, 148
59, 55, 114
28, 75, 103
33, 2, 35
70, 5, 75
71, 74, 145
90, 66, 156
46, 91, 137
64, 83, 147
83, 46, 129
37, 74, 111
95, 52, 147
5, 70, 75
14, 51, 65
5, 12, 17
82, 74, 156
65, 15, 80
30, 22, 52
76, 9, 85
43, 66, 109
95, 21, 116
42, 75, 117
91, 24, 115
39, 31, 70
74, 7, 81
84, 99, 183
26, 71, 97
38, 3, 41
56, 25, 81
30, 6, 36
23, 14, 37
4, 61, 65
58, 12, 70
4, 70, 74
55, 69, 124
66, 94, 160
94, 94, 188
38, 22, 60
55, 76, 131
84, 62, 146
100, 71, 171
23, 65, 88
70, 31, 101
84, 40, 124
70, 11, 81
87, 32, 119
17, 87, 104
90, 70, 160
30, 7, 37
48, 14, 62
71, 28, 99
3, 58, 61
10, 82, 92
54, 34, 88
98, 53, 151
86, 41, 127
48, 88, 136
99, 79, 178
82, 2, 84
70, 19, 89
16, 80, 96
46, 59, 105
6, 100, 106
88, 77, 165
67, 2, 69
46, 61, 107
52, 79, 131
13, 44, 57
81, 1, 82
81, 34, 115
13, 86, 99
39, 91, 130
47, 90, 137
84, 34, 118
90, 40, 130
6, 100, 106
74, 75, 149
83, 72, 155
40, 27, 67
43, 29, 72
49, 60, 109
44, 74, 118
36, 43, 79
57, 59, 116
36, 21, 57
24, 90, 114
83, 83, 166
62, 72, 134
90, 95, 185
9, 63, 72
82, 22, 104
96, 67, 163
85, 89, 174
26, 50, 76
83, 45, 128
26, 56, 82
97, 66, 163
64, 33, 97
70, 39, 109
82, 82, 164
43, 16, 59
86, 71, 157
34, 72, 106
91, 25, 116
37, 68, 105
86, 86, 172
40, 94, 134
20, 5, 25
95, 3, 98
27, 74, 101
46, 45, 91
33, 19, 52
69, 16, 85
25, 53, 78
99, 65, 164
71, 17, 88
89, 63, 152
23, 24, 47
35, 68, 103
73, 26, 99
57, 95, 152
32, 9, 41
81, 68, 149
68, 77, 145
28, 76, 104
58, 35, 93
8, 84, 92
20, 12, 32
34, 70, 104
61, 28, 89
94, 74, 168
19, 61, 80
94, 68, 162
51, 100, 151
46, 92, 138
2, 83, 85
96, 33, 129
67, 67, 134
29, 5, 34
56, 7, 63
6, 30, 36
7, 61, 68
31, 41, 72
68, 96, 164
98, 33, 131
51, 34, 85
97, 92, 189
99, 20, 119
38, 9, 47
14, 55, 69
42, 10, 52
63, 62, 125
82, 99, 181
98, 51, 149
26, 80, 106
56, 90, 146
24, 47, 71
13, 60, 73
38, 6, 44
24, 99, 123
84, 73, 157
36, 91, 127
77, 57, 134
15, 92, 107
8, 32, 40
48, 100, 148
77, 99, 176
31, 31, 62
94, 86, 180
63, 42, 105
81, 86, 167
94, 100, 194
14, 54, 68
67, 67, 134
39, 19, 58
13, 43, 56
46, 45, 91
85, 8, 93
9, 50, 59
100, 45, 145
74, 46, 120
21, 49, 70
59, 75, 134
31, 32, 63
82, 48, 130
41, 47, 88
87, 33, 120
88, 24, 112
63, 60, 123
51, 27, 78
72, 96, 168
14, 11, 25
66, 40, 106
8, 14, 22
89, 17, 106
44, 82, 126
65, 5, 70
21, 30, 51
63, 4, 67
40, 41, 81
42, 77, 119
79, 77, 156
22, 93, 115
5, 34, 39
62, 90, 152
10, 29, 39
77, 92, 169
79, 70, 149
40, 50, 90
87, 80, 167
8, 21, 29
28, 66, 94
58, 50, 108
66, 82, 148
99, 76, 175
10, 7, 17
50, 43, 93
83, 14, 97
45, 57, 102
45, 51, 96
59, 67, 126
95, 30, 125
24, 100, 124
58, 17, 75
26, 16, 42
88, 24, 112
85, 65, 150
98, 89, 187
87, 90, 177
12, 60, 72
54, 49, 103
64, 20, 84
77, 53, 130
41, 31, 72
37, 18, 55
17, 36, 53
32, 91, 123
18, 82, 100
46, 21, 67
31, 10, 41
7, 31, 38
32, 95, 127
38, 60, 98
3, 56, 59
12, 1, 13
60, 16, 76
90, 81, 171
43, 96, 139
27, 12, 39
85, 67, 152
16, 91, 107
63, 21, 84
60, 93, 153
59, 98, 157
11, 69, 80
10, 21, 31
79, 14, 93
95, 15, 110
42, 86, 128
41, 71, 112
37, 89, 126
55, 85, 140
30, 56, 86
54, 54, 108
30, 9, 39
37, 64, 101
4, 16, 20
48, 48, 96
89, 55, 144
58, 82, 140
63, 12, 75
13, 6, 19
75, 76, 151
62, 20, 82
20, 37, 57
60, 99, 159
59, 64, 123
21, 33, 54
75, 19, 94
55, 76, 131
66, 51, 117
64, 80, 144
71, 58, 129
88, 56, 144
83, 78, 161
29, 58, 87
76, 98, 174
57, 77, 134
42, 74, 116
35, 28, 63
6, 25, 31
49, 92, 141
57, 1, 58
1, 25, 26
56, 99, 155
59, 55, 114
54, 88, 142
40, 83, 123
32, 82, 114
52, 79, 131
47, 99, 146
70, 69, 139
39, 29, 68
62, 86, 148
11, 7, 18
58, 64, 122
2, 68, 70
19, 63, 82
32, 41, 73
51, 20, 71
68, 91, 159
17, 80, 97
34, 87, 121
92, 49, 141
19, 85, 104
75, 43, 118
42, 89, 131
4, 97, 101
24, 87, 111
58, 31, 89
22, 74, 96
59, 6, 65
14, 58, 72
2, 19, 21
11, 4, 15
41, 55, 96
82, 56, 138
47, 7, 54
24, 42, 66
1, 100, 101
51, 22, 73
49, 99, 148
89, 21, 110
40, 90, 130
87, 36, 123
48, 43, 91
79, 89, 168
54, 3, 57
32, 62, 94
72, 3, 75
71, 89, 160
74, 32, 106
62, 75, 137
65, 6, 71
9, 15, 24
89, 81, 170
9, 95, 104
88, 25, 113
8, 12, 20
18, 91, 109
57, 91, 148
35, 81, 116
89, 36, 125
94, 21, 115
27, 7, 34
7, 19, 26
67, 42, 109
24, 70, 94
94, 20, 114
61, 45, 106
34, 98, 132
80, 41, 121
27, 12, 39
9, 67, 76
24, 5, 29
42, 16, 58
21, 43, 64
74, 20, 94
59, 19, 78
91, 14, 105
5, 72, 77
99, 41, 140
27, 63, 90
95, 52, 147
61, 46, 107
93, 2, 95
13, 9, 22
43, 21, 64
75, 67, 142
61, 80, 141
87, 87, 174
5, 35, 40
75, 19, 94
62, 65, 127
99, 100, 199
63, 97, 160
95, 87, 182
11, 63, 74
94, 4, 98
25, 10, 35
65, 52, 117
85, 55, 140
98, 88, 186
92, 16, 108
17, 65, 82
6, 92, 98
94, 61, 155
4, 26, 30
12, 38, 50
36, 40, 76
77, 95, 172
57, 22, 79
94, 20, 114
3, 47, 50
35, 41, 76
77, 93, 170
22, 27, 49
43, 14, 57
15, 78, 93
34, 100, 134
21, 30, 51
77, 10, 87
8, 69, 77
61, 92, 153
95, 85, 180
23, 9, 32
36, 90, 126
10, 52, 62
88, 17, 105
38, 34, 72
20, 55, 75
70, 47, 117
10, 48, 58
95, 38, 133
46, 73, 119
86, 70, 156
5, 21, 26
69, 72, 141
55, 12, 67
70, 17, 87
26, 10, 36
26, 28, 54
16, 38, 54
54, 12, 66
23, 77, 100
87, 66, 153
94, 59, 153
62, 97, 159
72, 97, 169
92, 35, 127
20, 5, 25
67, 100, 167
31, 49, 80
86, 11, 97
55, 11, 66
59, 71, 130
30, 8, 38
83, 62, 145
21, 50, 71
68, 94, 162
38, 20, 58
68, 77, 145
40, 97, 137
80, 47, 127
97, 69, 166
23, 40, 63
10, 89, 99
81, 88, 169
74, 52, 126
34, 38, 72
77, 45, 122
33, 40, 73
5, 62, 67
26, 87, 113
20, 93, 113
99, 92, 191
86, 32, 118
53, 17, 70
98, 27, 125
30, 65, 95
51, 1, 52
79, 95, 174
98, 23, 121
92, 19, 111
78, 58, 136
24, 43, 67
84, 19, 103
99, 8, 107
81, 26, 107
64, 57, 121
88, 32, 120
85, 31, 116
92, 40, 132
89, 73, 162
94, 23, 117
48, 28, 76
3, 43, 46
59, 12, 71
13, 100, 113
29, 69, 98
68, 19, 87
2, 99, 101
17, 81, 98
85, 44, 129
61, 71, 132
35, 58, 93
16, 46, 62
100, 79, 179
83, 7, 90
48, 13, 61
55, 51, 106
81, 89, 170
84, 37, 121
91, 25, 116
62, 11, 73
4, 86, 90
7, 16, 23
69, 68, 137
3, 38, 41
51, 26, 77
85, 25, 110
50, 11, 61
93, 51, 144
44, 94, 138
45, 44, 89
66, 21, 87
73, 79, 152
34, 67, 101
83, 96, 179
3, 68, 71
73, 33, 106
65, 55, 120
46, 97, 143
80, 36, 116
89, 68, 157
52, 12, 64
95, 66, 161
11, 81, 92
38, 94, 132
41, 43, 84
99, 45, 144
84, 10, 94
7, 74, 81
91, 22, 113
55, 69, 124
57, 27, 84
90, 9, 99
17, 77, 94
30, 67, 97
10, 21, 31
65, 81, 146
57, 8, 65
97, 29, 126
11, 74, 85
31, 56, 87
76, 59, 135
56, 26, 82
59, 26, 85
19, 20, 39
2, 3, 5
85, 95, 180
90, 75, 165
24, 79, 103
42, 47, 89
94, 89, 183
26, 52, 78
71, 69, 140
26, 68, 94
79, 89, 168
27, 45, 72
58, 48, 106
13, 76, 89
68, 3, 71
94, 92, 186
22, 43, 65
77, 100, 177
89, 79, 168
100, 95, 195
11, 86, 97
6, 49, 55
9, 64, 73
95, 87, 182
71, 49, 120
41, 19, 60
33, 1, 34
100, 91, 191
79, 37, 116
51, 31, 82
68, 11, 79
25, 5, 30
74, 44, 118
9, 33, 42
49, 36, 85
23, 14, 37
86, 72, 158
25, 62, 87
43, 55, 98
14, 11, 25
56, 41, 97
43, 60, 103
10, 38, 48
86, 40, 126
28, 60, 88
70, 84, 154
93, 2, 95
98, 11, 109
41, 24, 65
42, 99, 141
16, 88, 104
66, 33, 99
52, 22, 74
59, 8, 67
57, 60, 117
61, 37, 98
37, 27, 64
48, 8, 56
80, 37, 117
36, 100, 136
87, 86, 173
10, 77, 87
33, 1, 34
10, 3, 13
24, 43, 67
90, 80, 170
13, 29, 42
10, 85, 95
67, 100, 167
93, 8, 101
9, 66, 75
48, 74, 122
85, 47, 132
58, 56, 114
36, 86, 122
3, 13, 16
3, 41, 44
77, 1, 78
51, 31, 82
88, 15, 103
26, 48, 74
31, 95, 126
70, 55, 125
87, 45, 132
95, 16, 111
14, 9, 23
23, 7, 30
100, 34, 134
74, 82, 156
11, 71, 82
37, 72, 109
32, 23, 55
23, 38, 61
9, 61, 70
10, 27, 37
23, 20, 43
58, 6, 64
86, 96, 182
66, 73, 139
9, 21, 30
63, 75, 138
66, 93, 159
99, 84, 183
71, 47, 118
36, 80, 116
92, 12, 104
58, 43, 101
24, 82, 106
98, 17, 115
19, 50, 69
96, 69, 165
34, 42, 76
55, 87, 142
79, 30, 109
24, 34, 58
95, 17, 112
4, 18, 22
10, 97, 107
60, 48, 108
95, 66, 161
76, 68, 144
4, 46, 50
26, 93, 119
67, 47, 114
63, 49, 112
44, 50, 94
22, 87, 109
64, 99, 163
83, 88, 171
96, 3, 99
35, 93, 128
41, 22, 63
6, 59, 65
2, 36, 38
68, 53, 121
38, 44, 82
44, 21, 65
76, 68, 144
13, 64, 77
62, 80, 142
27, 86, 113
87, 82, 169
20, 37, 57
24, 10, 34
54, 91, 145
62, 13, 75
52, 8, 60
80, 69, 149
32, 12, 44
12, 3, 15
81, 62, 143
21, 54, 75
23, 40, 63
2, 42, 44
49, 72, 121
25, 23, 48
6, 97, 103
54, 86, 140
81, 66, 147
34, 50, 84
54, 55, 109
70, 21, 91
8, 33, 41
15, 97, 112
35, 93, 128
8, 74, 82
29, 33, 62
26, 48, 74
83, 74, 157
57, 64, 121
12, 67, 79
64, 78, 142
92, 12, 104
47, 100, 147
59, 65, 124
86, 86, 172
84, 13, 97
96, 89, 185
49, 41, 90
22, 9, 31
37, 97, 134
99, 75, 174
36, 5, 41
9, 26, 35
81, 43, 124
23, 49, 72
66, 86, 152
44, 51, 95
70, 66, 136
28, 66, 94
47, 22, 69
7, 76, 83
50, 46, 96
71, 33, 104
100, 93, 193
92, 69, 161
58, 37, 95
67, 37, 104
69, 50, 119
48, 23, 71
68, 73, 141
58, 64, 122
71, 95, 166
26, 35, 61
77, 13, 90
28, 86, 114
67, 83, 150
80, 42, 122
73, 45, 118
89, 61, 150
84, 31, 115
9, 21, 30
69, 54, 123
100, 49, 149
41, 52, 93
63, 26, 89
59, 78, 137
88, 63, 151
16, 24, 40
29, 49, 78
21, 4, 25
1, 22, 23
44, 68, 112
14, 78, 92
57, 9, 66
66, 65, 131
18, 55, 73
2, 19, 21
28, 6, 34
26, 90, 116
22, 65, 87
10, 60, 70
76, 38, 114
30, 39, 69
22, 26, 48
6, 4, 10
81, 36, 117
99, 36, 135
19, 46, 65
42, 44, 86
40, 59, 99
35, 21, 56
95, 90, 185
38, 90, 128
50, 88, 138
77, 29, 106
94, 70, 164
82, 89, 171
25, 23, 48
39, 56, 95
66, 9, 75
98, 25, 123
24, 14, 38
65, 42, 107
43, 81, 124
85, 53, 138
78, 27, 105
88, 2, 90
23, 41, 64
28, 7, 35
89, 88, 177
24, 41, 65
85, 9, 94
91, 11, 102
66, 60, 126
27, 90, 117
74, 26, 100
74, 64, 138
64, 42, 106
28, 63, 91
61, 12, 73
45, 45, 90
60, 4, 64
81, 34, 115
99, 40, 139
11, 83, 94
29, 25, 54
32, 60, 92
3, 8, 11
38, 31, 69
22, 45, 67
16, 57, 73
18, 26, 44
44, 5, 49
45, 51, 96
90, 40, 130
14, 69, 83
22, 90, 112
43, 86, 129
55, 51, 106
50, 56, 106
43, 16, 59
76, 50, 126
94, 47, 141
33, 98, 131
40, 47, 87
74, 38, 112
50, 88, 138
96, 99, 195
88, 69, 157
45, 70, 115
4, 51, 55
98, 71, 169
98, 76, 174
20, 30, 50
80, 41, 121
70, 66, 136
61, 8, 69
64, 55, 119
24, 48, 72
73, 72, 145
17, 57, 74
82, 18, 100
67, 5, 72
69, 46, 115
51, 54, 105
72, 70, 142
9, 94, 103
22, 27, 49
19, 7, 26
59, 48, 107
82, 46, 128
49, 12, 61
32, 16, 48
16, 88, 104
11, 62, 73
40, 52, 92
27, 5, 32
11, 16, 27
73, 78, 151
72, 23, 95
25, 23, 48
95, 48, 143
32, 95, 127
60, 82, 142
30, 90, 120
19, 36, 55
13, 98, 111
2, 82, 84
21, 50, 71
92, 24, 116
83, 7, 90
28, 20, 48
44, 49, 93
23, 67, 90
63, 71, 134
11, 1, 12
22, 5, 27
36, 81, 117
93, 90, 183
54, 65, 119
29, 67, 96
4, 89, 93
5, 65, 70
49, 65, 114
22, 69, 91
91, 63, 154
70, 5, 75
17, 67, 84
19, 97, 116
72, 36, 108
16, 97, 113
81, 87, 168
65, 40, 105
55, 1, 56
31, 84, 115
93, 23, 116
37, 42, 79
79, 96, 175
61, 24, 85
3, 46, 49
18, 58, 76
92, 41, 133
22, 18, 40
40, 47, 87
34, 97, 131
88, 99, 187
37, 38, 75
13, 65, 78
6, 40, 46
44, 68, 112
92, 23, 115
56, 19, 75
86, 17, 103
3, 28, 31
70, 24, 94
22, 39, 61
84, 74, 158
80, 47, 127
53, 79, 132
20, 34, 54
83, 98, 181
27, 1, 28
99, 100, 199
31, 100, 131
79, 74, 153
88, 76, 164
18, 58, 76
23, 58, 81
59, 35, 94
35, 29, 64
71, 58, 129
78, 86, 164
58, 13, 71
28, 25, 53
5, 39, 44
85, 93, 178
56, 29, 85
88, 98, 186
9, 52, 61
63, 93, 156
37, 59, 96
38, 28, 66
2, 54, 56
66, 15, 81
12, 88, 100
93, 96, 189
13, 6, 19
78, 8, 86
43, 97, 140
6, 31, 37
27, 24, 51
60, 71, 131
97, 88, 185
55, 31, 86
81, 56, 137
21, 89, 110
56, 84, 140
28, 100, 128
34, 89, 123
28, 25, 53
57, 80, 137
74, 26, 100
22, 38, 60
66, 9, 75
26, 94, 120
76, 25, 101
2, 70, 72
90, 42, 132
14, 1, 15
88, 51, 139
88, 95, 183
98, 100, 198
79, 52, 131
89, 42, 131
9, 22, 31
3, 48, 51
18, 91, 109
55, 13, 68
93, 78, 171
95, 34, 129
42, 94, 136
48, 14, 62
25, 17, 42
69, 3, 72
82, 32, 114
79, 82, 161
12, 6, 18
45, 33, 78
7, 46, 53
63, 55, 118
62, 43, 105
46, 4, 50
34, 46, 80
17, 24, 41
50, 1, 51
47, 42, 89
6, 9, 15
83, 61, 144
97, 32, 129
77, 93, 170
34, 50, 84
67, 13, 80
11, 89, 100
65, 68, 133
70, 30, 100
42, 38, 80
17, 3, 20
29, 50, 79
87, 1, 88
45, 74, 119
12, 34, 46
37, 82, 119
58, 87, 145
17, 12, 29
91, 51, 142
68, 72, 140
84, 66, 150
84, 32, 116
17, 89, 106
9, 3, 12
58, 30, 88
1, 47, 48
55, 68, 123
64, 68, 132
90, 85, 175
80, 88, 168
15, 7, 22
14, 41, 55
33, 59, 92
67, 2, 69
44, 66, 110
40, 23, 63
11, 6, 17
76, 92, 168
5, 41, 46
94, 13, 107
31, 52, 83
55, 31, 86
90, 18, 108
9, 41, 50
23, 4, 27
59, 92, 151
99, 17, 116
43, 52, 95
69, 66, 135
22, 7, 29
35, 12, 47
87, 6, 93
75, 96, 171
61, 55, 116
22, 32, 54
4, 16, 20
46, 61, 107
96, 41, 137
5, 94, 99
50, 27, 77
19, 67, 86
17, 93, 110
34, 44, 78
75, 59, 134
67, 64, 131
45, 15, 60
46, 68, 114
47, 95, 142
73, 55, 128
56, 77, 133
47, 17, 64
63, 12, 75
56, 71, 127
25, 81, 106
75, 6, 81
67, 37, 104
36, 94, 130
47, 81, 128
34, 49, 83
83, 24, 107
22, 83, 105
28, 81, 109
85, 2, 87
47, 63, 110
69, 88, 157
30, 82, 112
13, 42, 55
20, 82, 102
53, 26, 79
76, 57, 133
17, 14, 31
74, 26, 100
60, 60, 120
54, 11, 65
75, 82, 157
4, 38, 42
1, 80, 81
21, 66, 87
22, 8, 30
58, 58, 116
86, 93, 179
24, 21, 45
37, 33, 70
7, 23, 30
96, 28, 124
44, 65, 109
40, 42, 82
67, 20, 87
65, 79, 144
56, 10, 66
76, 13, 89
51, 37, 88
11, 21, 32
90, 16, 106
26, 6, 32
9, 89, 98
51, 52, 103
32, 31, 63
30, 30, 60
28, 41, 69
61, 87, 148
11, 23, 34
40, 18, 58
48, 42, 90
47, 23, 70
27, 86, 113
27, 25, 52
66, 51, 117
37, 93, 130
82, 55, 137
100, 9, 109
46, 67, 113
43, 13, 56
2, 13, 15
7, 81, 88
88, 5, 93
100, 31, 131
26, 75, 101
34, 27, 61
10, 12, 22
59, 79, 138
96, 76, 172
8, 11, 19
12, 53, 65
44, 32, 76
78, 60, 138
35, 25, 60
89, 95, 184
73, 6, 79
67, 99, 166
30, 97, 127
21, 26, 47
96, 60, 156
1, 4, 5
51, 49, 100
32, 36, 68
81, 87, 168
44, 11, 55
1, 35, 36
80, 63, 143
52, 78, 130
35, 97, 132
35, 4, 39
78, 69, 147
38, 93, 131
9, 26, 35
8, 64, 72
26, 76, 102
94, 18, 112
26, 72, 98
3, 72, 75
7, 91, 98
11, 57, 68
13, 68, 81
12, 2, 14
27, 2, 29
80, 54, 134
14, 78, 92
65, 16, 81
33, 33, 66
81, 52, 133
77, 31, 108
38, 79, 117
73, 17, 90
87, 70, 157
75, 66, 141
68, 87, 155
74, 19, 93
24, 77, 101
87, 72, 159
43, 81, 124
31, 29, 60
45, 23, 68
69, 26, 95
26, 17, 43
12, 94, 106
98, 12, 110
95, 80, 175
33, 22, 55
95, 31, 126
34, 46, 80
83, 89, 172
59, 55, 114
94, 45, 139
35, 15, 50
54, 93, 147
7, 55, 62
7, 74, 81
1, 14, 15
84, 100, 184
23, 67, 90
76, 4, 80
18, 30, 48
72, 51, 123
43, 74, 117
23, 31, 54
3, 28, 31
64, 41, 105
100, 33, 133
98, 52, 150
17, 21, 38
42, 69, 111
90, 33, 123
59, 21, 80
19, 52, 71
72, 40, 112
66, 15, 81
27, 90, 117
38, 63, 101
97, 43, 140
71, 6, 77
25, 7, 32
59, 38, 97
12, 14, 26
60, 48, 108
62, 21, 83
39, 21, 60
47, 93, 140
4, 54, 58
15, 46, 61
45, 46, 91
90, 47, 137
44, 27, 71
47, 75, 122
61, 87, 148
28, 98, 126
52, 74, 126
9, 73, 82
2, 57, 59
77, 18, 95
44, 66, 110
34, 74, 108
96, 95, 191
66, 34, 100
39, 84, 123
66, 77, 143
38, 78, 116
78, 79, 157
51, 5, 56
49, 30, 79
8, 4, 12
79, 86, 165
45, 80, 125
59, 53, 112
16, 75, 91
44, 77, 121
64, 94, 158
33, 63, 96
26, 97, 123
27, 17, 44
72, 36, 108
51, 32, 83
78, 81, 159
43, 78, 121
91, 75, 166
53, 44, 97
46, 21, 67
30, 84, 114
10, 81, 91
70, 52, 122
55, 96, 151
40, 61, 101
24, 49, 73
20, 19, 39
38, 26, 64
11, 67, 78
19, 41, 60
97, 39, 136
29, 53, 82
35, 13, 48
83, 30, 113
7, 33, 40
24, 94, 118
94, 22, 116
90, 59, 149
59, 67, 126
13, 55, 68
2, 57, 59
97, 14, 111
6, 82, 88
10, 61, 71
46, 41, 87
31, 41, 72
81, 28, 109
23, 46, 69
86, 21, 107
30, 42, 72
90, 64, 154
50, 92, 142
36, 21, 57
23, 52, 75
68, 26, 94
48, 37, 85
84, 10, 94
15, 70, 85
85, 26, 111
32, 35, 67
95, 31, 126
1, 60, 61
58, 54, 112
33, 98, 131
85, 45, 130
88, 44, 132
20, 9, 29
94, 35, 129
24, 84, 108
68, 89, 157
89, 1, 90
96, 74, 170
48, 42, 90
36, 14, 50
37, 21, 58
29, 97, 126
30, 79, 109
12, 27, 39
17, 76, 93
56, 82, 138
81, 31, 112
4, 64, 68
76, 99, 175
40, 62, 102
72, 52, 124
56, 73, 129
22, 97, 119
36, 47, 83
75, 77, 152
86, 67, 153
59, 32, 91
15, 34, 49
19, 17, 36
11, 21, 32
81, 71, 152
32, 25, 57
11, 13, 24
99, 67, 166
84, 70, 154
11, 86, 97
45, 40, 85
71, 12, 83
56, 17, 73
81, 97, 178
5, 65, 70
84, 8, 92
39, 15, 54
99, 49, 148
52, 63, 115
33, 93, 126
80, 35, 115
9, 1, 10
72, 78, 150
65, 54, 119
99, 15, 114
50, 26, 76
43, 13, 56
81, 98, 179
39, 6, 45
23, 89, 112
4, 97, 101
95, 5, 100
13, 60, 73
80, 27, 107
33, 28, 61
98, 79, 177
41, 80, 121
14, 8, 22
21, 66, 87
23, 100, 123
64, 19, 83
45, 22, 67
65, 97, 162
38, 9, 47
64, 30, 94
90, 94, 184
48, 62, 110
44, 36, 80
50, 26, 76
56, 43, 99
73, 67, 140
1, 15, 16
98, 30, 128
65, 74, 139
89, 32, 121
11, 66, 77
24, 92, 116
12, 98, 110
8, 10, 18
72, 14, 86
63, 93, 156
60, 65, 125
74, 20, 94
82, 99, 181
41, 12, 53
33, 77, 110
96, 78, 174
4, 40, 44
74, 72, 146
14, 79, 93
98, 70, 168
98, 84, 182
82, 63, 145
52, 35, 87
46, 91, 137
48, 3, 51
75, 60, 135
55, 36, 91
51, 16, 67
38, 31, 69
53, 55, 108
35, 47, 82
95, 96, 191
86, 95, 181
74, 97, 171
66, 91, 157
25, 57, 82
64, 10, 74
54, 92, 146
91, 46, 137
42, 70, 112
96, 6, 102
74, 6, 80
92, 43, 135
89, 73, 162
51, 49, 100
79, 51, 130
39, 35, 74
52, 57, 109
7, 34, 41
43, 40, 83
33, 98, 131
33, 6, 39
69, 78, 147
35, 30, 65
90, 51, 141
86, 20, 106
87, 25, 112
44, 38, 82
23, 27, 50
71, 73, 144
69, 6, 75
100, 44, 144
84, 46, 130
87, 54, 141
29, 40, 69
39, 77, 116
1, 54, 55
46, 53, 99
57, 63, 120
24, 20, 44
17, 98, 115
90, 30, 120
97, 74, 171
25, 80, 105
20, 83, 103
68, 47, 115
58, 83, 141
23, 99, 122
70, 1, 71
19, 95, 114
40, 48, 88
92, 80, 172
70, 24, 94
97, 77, 174
56, 14, 70
55, 95, 150
5, 61, 66
51, 73, 124
99, 63, 162
62, 10, 72
3, 15, 18
76, 26, 102
12, 10, 22
82, 38, 120
13, 76, 89
7, 91, 98
13, 48, 61
65, 49, 114
8, 44, 52
52, 53, 105
57, 9, 66
100, 83, 183
85, 10, 95
9, 9, 18
62, 82, 144
20, 100, 120
76, 7, 83
22, 51, 73
100, 80, 180
4, 38, 42
88, 45, 133
39, 31, 70
49, 42, 91
52, 72, 124
96, 51, 147
79, 27, 106
71, 56, 127
31, 86, 117
43, 9, 52
7, 53, 60
28, 93, 121
1, 70, 71
84, 65, 149
44, 9, 53
41, 53, 94
17, 38, 55
38, 87, 125
13, 1, 14
67, 46, 113
33, 53, 86
6, 68, 74
57, 89, 146
92, 37, 129
63, 32, 95
62, 2, 64
93, 69, 162
84, 85, 169
70, 15, 85
89, 18, 107
44, 17, 61
72, 86, 158
41, 29, 70
91, 6, 97
99, 36, 135
10, 3, 13
26, 53, 79
94, 72, 166
70, 4, 74
6, 52, 58
15, 86, 101
29, 79, 108
83, 72, 155
91, 59, 150
39, 40, 79
96, 54, 150
25, 17, 42
60, 24, 84
15, 8, 23
7, 99, 106
34, 96, 130
99, 39, 138
27, 23, 50
50, 52, 102
11, 89, 100
18, 73, 91
10, 68, 78
19, 49, 68
65, 10, 75
5, 3, 8
47, 41, 88
70, 52, 122
65, 71, 136
26, 77, 103
86, 78, 164
2, 6, 8
45, 76, 121
71, 97, 168
84, 83, 167
9, 24, 33
32, 87, 119
4, 65, 69
5, 4, 9
66, 28, 94
63, 2, 65
12, 50, 62
79, 82, 161
70, 36, 106
93, 86, 179
70, 25, 95
80, 97, 177
61, 79, 140
50, 49, 99
1, 100, 101
94, 83, 177
15, 97, 112
16, 90, 106
31, 14, 45
43, 7, 50
33, 19, 52
8, 58, 66
23, 5, 28
95, 63, 158
99, 98, 197
69, 39, 108
28, 6, 34
8, 3, 11
62, 30, 92
89, 23, 112
21, 10, 31
75, 62, 137
55, 83, 138
38, 54, 92
8, 13, 21
80, 38, 118
59, 12, 71
4, 38, 42
66, 8, 74
53, 11, 64
4, 16, 20
33, 100, 133
9, 61, 70
24, 10, 34
11, 42, 53
45, 3, 48
74, 20, 94
50, 28, 78
17, 77, 94
73, 99, 172
49, 90, 139
56, 78, 134
11, 82, 93
22, 82, 104
72, 53, 125
50, 97, 147
37, 81, 118
78, 59, 137
36, 48, 84
27, 25, 52
30, 47, 77
3, 4, 7
62, 41, 103
6, 98, 104
83, 42, 125
79, 97, 176
42, 60, 102
45, 44, 89
48, 86, 134
4, 3, 7
69, 86, 155
39, 33, 72
3, 47, 50
80, 99, 179
46, 26, 72
39, 28, 67
94, 34, 128
54, 24, 78
52, 32, 84
22, 4, 26
47, 77, 124
93, 50, 143
58, 36, 94
82, 49, 131
100, 26, 126
5, 53, 58
25, 43, 68
44, 68, 112
99, 55, 154
50, 15, 65
33, 58, 91
3, 34, 37
43, 89, 132
25, 71, 96
24, 12, 36
70, 10, 80
20, 38, 58
9, 74, 83
78, 36, 114
65, 36, 101
73, 25, 98
49, 30, 79
73, 55, 128
34, 80, 114
10, 61, 71
84, 43, 127
84, 44, 128
65, 13, 78
65, 49, 114
18, 80, 98
57, 61, 118
2, 19, 21
81, 12, 93
76, 19, 95
53, 18, 71
84, 90, 174
93, 33, 126
83, 72, 155
57, 11, 68
88, 94, 182
68, 67, 135
93, 32, 125
13, 58, 71
13, 24, 37
50, 3, 53
86, 94, 180
39, 38, 77
29, 18, 47
33, 91, 124
72, 61, 133
16, 12, 28
16, 6, 22
77, 28, 105
43, 29, 72
76, 88, 164
76, 56, 132
37, 95, 132
4, 85, 89
18, 99, 117
89, 53, 142
65, 9, 74
40, 85, 125
55, 2, 57
78, 83, 161
82, 46, 128
30, 88, 118
80, 55, 135
44, 2, 46
1, 4, 5
62, 100, 162
99, 73, 172
44, 31, 75
51, 51, 102
53, 17, 70
14, 36, 50
44, 70, 114
94, 29, 123
30, 82, 112
4, 99, 103
44, 10, 54
78, 95, 173
54, 57, 111
71, 25, 96
64, 21, 85
49, 41, 90
83, 18, 101
73, 30, 103
85, 8, 93
42, 41, 83
90, 6, 96
76, 38, 114
29, 17, 46
13, 57, 70
29, 35, 64
85, 3, 88
52, 63, 115
46, 1, 47
94, 72, 166
9, 27, 36
87, 53, 140
73, 93, 166
43, 3, 46
99, 24, 123
97, 13, 110
58, 24, 82
46, 36, 82
41, 4, 45
39, 80, 119
69, 100, 169
20, 63, 83
29, 24, 53
79, 2, 81
6, 12, 18
100, 36, 136
36, 16, 52
27, 51, 78
97, 1, 98
89, 86, 175
73, 61, 134
94, 26, 120
27, 31, 58
50, 60, 110
11, 69, 80
4, 70, 74
73, 80, 153
52, 40, 92
71, 65, 136
58, 78, 136
49, 71, 120
81, 86, 167
79, 40, 119
6, 34, 40
80, 50, 130
13, 4, 17
42, 21, 63
92, 10, 102
13, 59, 72
34, 29, 63
73, 88, 161
53, 18, 71
81, 57, 138
95, 77, 172
85, 77, 162
23, 94, 117
99, 2, 101
43, 6, 49
2, 13, 15
39, 83, 122
17, 46, 63
21, 29, 50
16, 10, 26
91, 63, 154
56, 48, 104
15, 62, 77
25, 14, 39
17, 37, 54
63, 72, 135
36, 38, 74
52, 94, 146
74, 81, 155
22, 29, 51
26, 61, 87
83, 85, 168
95, 40, 135
12, 33, 45
84, 93, 177
10, 34, 44
22, 41, 63
31, 64, 95
19, 2, 21
32, 1, 33
45, 67, 112
63, 42, 105
8, 54, 62
38, 44, 82
49, 84, 133
31, 35, 66
43, 91, 134
69, 95, 164
96, 52, 148
45, 49, 94
65, 9, 74
40, 71, 111
10, 42, 52
50, 74, 124
95, 97, 192
33, 21, 54
4, 74, 78
65, 12, 77
18, 63, 81
88, 10, 98
33, 15, 48
72, 50, 122
89, 25, 114
92, 78, 170
62, 63, 125
18, 50, 68
82, 54, 136
52, 92, 144
63, 90, 153
76, 93, 169
51, 97, 148
59, 66, 125
57, 80, 137
81, 96, 177
28, 40, 68
23, 22, 45
12, 27, 39
37, 33, 70
20, 19, 39
93, 8, 101
47, 29, 76
100, 14, 114
41, 2, 43
13, 68, 81
37, 18, 55
4, 31, 35
9, 45, 54
33, 65, 98
31, 88, 119
89, 30, 119
39, 8, 47
23, 68, 91
45, 93, 138
60, 40, 100
85, 58, 143
23, 54, 77
71, 43, 114
23, 35, 58
67, 67, 134
80, 50, 130
28, 2, 30
31, 70, 101
7, 90, 97
9, 100, 109
13, 89, 102
85, 41, 126
79, 14, 93
77, 20, 97
15, 62, 77
74, 16, 90
100, 24, 124
31, 16, 47
71, 22, 93
67, 80, 147
86, 5, 91
85, 17, 102
46, 5, 51
75, 68, 143
91, 31, 122
36, 6, 42
86, 55, 141
56, 5, 61
83, 28, 111
86, 70, 156
18, 61, 79
37, 56, 93
46, 2, 48
36, 60, 96
21, 21, 42
28, 52, 80
8, 24, 32
79, 58, 137
7, 42, 49
35, 33, 68
36, 20, 56
48, 32, 80
10, 86, 96
43, 55, 98
25, 71, 96
55, 79, 134
53, 13, 66
3, 91, 94
20, 15, 35
52, 49, 101
37, 3, 40
75, 66, 141
57, 83, 140
45, 16, 61
17, 44, 61
88, 99, 187
70, 77, 147
23, 69, 92
15, 98, 113
63, 63, 126
50, 64, 114
63, 84, 147
67, 99, 166
85, 1, 86
84, 73, 157
2, 59, 61
28, 79, 107
60, 78, 138
55, 9, 64
67, 23, 90
27, 57, 84
16, 87, 103
83, 65, 148
23, 13, 36
52, 58, 110
18, 49, 67
80, 48, 128
39, 57, 96
31, 98, 129
12, 19, 31
45, 27, 72
70, 3, 73
76, 99, 175
96, 21, 117
21, 28, 49
45, 77, 122
58, 51, 109
2, 52, 54
95, 14, 109
53, 11, 64
53, 12, 65
38, 49, 87
12, 42, 54
95, 58, 153
95, 43, 138
48, 94, 142
60, 42, 102
15, 3, 18
51, 6, 57
10, 35, 45
82, 80, 162
53, 31, 84
17, 21, 38
80, 33, 113
30, 15, 45
44, 88, 132
6, 56, 62
89, 99, 188
66, 28, 94
92, 21, 113
2, 76, 78
70, 29, 99
4, 20, 24
2, 95, 97
6, 28, 34
56, 75, 131
99, 70, 169
56, 35, 91
83, 45, 128
31, 59, 90
95, 38, 133
95, 74, 169
54, 98, 152
62, 61, 123
27, 17, 44
94, 47, 141
88, 69, 157
27, 67, 94
44, 7, 51
99, 91, 190
62, 46, 108
57, 85, 142
69, 59, 128
26, 70, 96
58, 59, 117
78, 55, 133
83, 55, 138
8, 16, 24
42, 65, 107
70, 22, 92
62, 81, 143
6, 68, 74
44, 55, 99
73, 65, 138
87, 82, 169
20, 71, 91
82, 5, 87
73, 44, 117
12, 51, 63
61, 23, 84
93, 90, 183
23, 75, 98
49, 62, 111
11, 57, 68
3, 68, 71
61, 4, 65
76, 92, 168
65, 11, 76
65, 67, 132
46, 22, 68
19, 31, 50
35, 61, 96
21, 65, 86
62, 73, 135
4, 73, 77
85, 73, 158
10, 14, 24
20, 21, 41
36, 89, 125
71, 26, 97
75, 64, 139
63, 39, 102
34, 29, 63
79, 28, 107
61, 75, 136
63, 23, 86
76, 73, 149
90, 45, 135
78, 50, 128
54, 51, 105
93, 64, 157
72, 37, 109
61, 29, 90
61, 7, 68
55, 62, 117
31, 56, 87
100, 99, 199
10, 69, 79
71, 88, 159
66, 34, 100
99, 40, 139
86, 10, 96
8, 2, 10
98, 89, 187
37, 9, 46
85, 89, 174
100, 61, 161
62, 76, 138
27, 53, 80
60, 63, 123
82, 86, 168
36, 56, 92
65, 91, 156
37, 45, 82
62, 81, 143
10, 39, 49
3, 83, 86
35, 58, 93
20, 4, 24
61, 20, 81
33, 13, 46
32, 18, 50
29, 32, 61
11, 29, 40
73, 47, 120
33, 76, 109
16, 22, 38
5, 99, 104
44, 46, 90
31, 48, 79
96, 36, 132
77, 1, 78
47, 45, 92
97, 78, 175
71, 58, 129
34, 35, 69
31, 70, 101
54, 78, 132
34, 78, 112
52, 12, 64
34, 28, 62
91, 70, 161
64, 68, 132
46, 30, 76
83, 12, 95
88, 18, 106
54, 27, 81
45, 17, 62
16, 76, 92
76, 75, 151
79, 98, 177
22, 34, 56
31, 66, 97
47, 99, 146
15, 20, 35
90, 14, 104
40, 10, 50
59, 84, 143
85, 9, 94
16, 42, 58
61, 1, 62
37, 71, 108
63, 68, 131
68, 56, 124
45, 82, 127
44, 19, 63
97, 91, 188
82, 50, 132
58, 68, 126
70, 10, 80
21, 54, 75
35, 18, 53
75, 5, 80
79, 83, 162
93, 52, 145
97, 58, 155
94, 29, 123
40, 10, 50
58, 96, 154
29, 40, 69
9, 7, 16
80, 6, 86
30, 70, 100
63, 12, 75
64, 64, 128
35, 51, 86
62, 73, 135
70, 21, 91
59, 63, 122
35, 37, 72
54, 52, 106
87, 83, 170
32, 55, 87
13, 34, 47
76, 9, 85
70, 70, 140
25, 31, 56
67, 80, 147
30, 63, 93
26, 85, 111
50, 91, 141
86, 27, 113
63, 83, 146
91, 86, 177
35, 32, 67
76, 97, 173
65, 83, 148
87, 38, 125
87, 79, 166
91, 44, 135
95, 45, 140
29, 49, 78
67, 5, 72
52, 59, 111
4, 22, 26
75, 89, 164
13, 35, 48
21, 60, 81
51, 57, 108
92, 93, 185
68, 91, 159
71, 8, 79
9, 52, 61
48, 96, 144
55, 22, 77
95, 80, 175
51, 7, 58
95, 89, 184
49, 55, 104
25, 72, 97
32, 6, 38
13, 14, 27
91, 26, 117
47, 47, 94
35, 86, 121
1, 4, 5
59, 9, 68
23, 86, 109
87, 29, 116
52, 13, 65
18, 7, 25
44, 83, 127
29, 1, 30
42, 90, 132
83, 99, 182
54, 27, 81
31, 70, 101
15, 6, 21
69, 72, 141
45, 31, 76
71, 49, 120
37, 80, 117
84, 59, 143
23, 74, 97
74, 85, 159
84, 31, 115
37, 90, 127
18, 85, 103
20, 79, 99
67, 61, 128
70, 73, 143
86, 64, 150
42, 58, 100
60, 50, 110
18, 22, 40
83, 44, 127
83, 41, 124
60, 76, 136
81, 17, 98
100, 58, 158
56, 81, 137
73, 51, 124
67, 31, 98
60, 60, 120
81, 71, 152
93, 93, 186
60, 23, 83
73, 94, 167
41, 57, 98
42, 89, 131
15, 30, 45
52, 86, 138
18, 1, 19
50, 80, 130
15, 35, 50
32, 30, 62
93, 74, 167
86, 73, 159
95, 35, 130
51, 67, 118
63, 70, 133
57, 88, 145
83, 51, 134
69, 74, 143
86, 16, 102
50, 48, 98
29, 18, 47
90, 84, 174
36, 46, 82
38, 72, 110
65, 16, 81
28, 68, 96
96, 5, 101
65, 53, 118
5, 7, 12
93, 15, 108
71, 23, 94
46, 60, 106
99, 6, 105
91, 17, 108
35, 99, 134
28, 11, 39
33, 11, 44
4, 30, 34
8, 48, 56
8, 89, 97
53, 88, 141
42, 13, 55
68, 94, 162
2, 35, 37
44, 14, 58
82, 86, 168
61, 20, 81
32, 58, 90
22, 100, 122
83, 36, 119
87, 8, 95
70, 50, 120
2, 32, 34
67, 67, 134
32, 91, 123
26, 54, 80
83, 48, 131
9, 53, 62
67, 57, 124
76, 91, 167
64, 90, 154
5, 53, 58
41, 96, 137
55, 28, 83
10, 39, 49
3, 63, 66
15, 15, 30
72, 67, 139
91, 36, 127
73, 13, 86
100, 17, 117
40, 15, 55
43, 45, 88
30, 11, 41
8, 60, 68
88, 29, 117
73, 25, 98
75, 66, 141
95, 10, 105
20, 50, 70
51, 12, 63
16, 88, 104
76, 33, 109
59, 47, 106
43, 27, 70
76, 5, 81
27, 2, 29
23, 6, 29
9, 88, 97
60, 14, 74
49, 37, 86
79, 98, 177
37, 37, 74
100, 23, 123
90, 94, 184
73, 72, 145
20, 2, 22
67, 91, 158
15, 57, 72
41, 50, 91
52, 41, 93
70, 65, 135
38, 29, 67
13, 75, 88
2, 71, 73
73, 20, 93
23, 2, 25
51, 100, 151
1, 5, 6
54, 97, 151
1, 7, 8
67, 100, 167
63, 61, 124
44, 50, 94
84, 65, 149
39, 46, 85
99, 42, 141
75, 45, 120
10, 92, 102
19, 5, 24
12, 73, 85
92, 50, 142
31, 88, 119
69, 71, 140
56, 25, 81
93, 49, 142
69, 52, 121
84, 70, 154
56, 35, 91
19, 27, 46
1, 36, 37
72, 5, 77
92, 23, 115
42, 26, 68
54, 35, 89
5, 64, 69
6, 93, 99
56, 85, 141
21, 92, 113
76, 55, 131
26, 43, 69
81, 46, 127
71, 51, 122
75, 89, 164
60, 22, 82
94, 28, 122
21, 23, 44
53, 15, 68
72, 29, 101
81, 34, 115
37, 20, 57
41, 10, 51
79, 38, 117
88, 65, 153
47, 20, 67
11, 1, 12
38, 61, 99
80, 85, 165
76, 20, 96
45, 80, 125
76, 87, 163
50, 7, 57
22, 91, 113
9, 9, 18
6, 13, 19
97, 98, 195
45, 41, 86
12, 78, 90
88, 5, 93
51, 94, 145
45, 22, 67
23, 93, 116
33, 64, 97
28, 78, 106
70, 13, 83
11, 4, 15
48, 49, 97
16, 39, 55
46, 51, 97
5, 86, 91
70, 19, 89
67, 67, 134
75, 78, 153
53, 81, 134
34, 32, 66
85, 18, 103
96, 69, 165
26, 15, 41
76, 13, 89
48, 34, 82
13, 46, 59
32, 91, 123
98, 63, 161
41, 62, 103
36, 88, 124
69, 18, 87
58, 25, 83
75, 29, 104
47, 79, 126
4, 92, 96
97, 84, 181
75, 25, 100
55, 53, 108
16, 91, 107
78, 65, 143
72, 10, 82
18, 54, 72
21, 43, 64
27, 35, 62
87, 52, 139
63, 7, 70
22, 14, 36
27, 45, 72
88, 96, 184
19, 3, 22
90, 54, 144
83, 73, 156
27, 81, 108
95, 52, 147
29, 50, 79
89, 37, 126
100, 20, 120
12, 4, 16
10, 55, 65
5, 68, 73
20, 75, 95
59, 46, 105
29, 67, 96
86, 27, 113
6, 100, 106
5, 50, 55
43, 58, 101
93, 19, 112
63, 91, 154
87, 75, 162
74, 87, 161
41, 53, 94
16, 63, 79
34, 94, 128
2, 23, 25
60, 15, 75
51, 24, 75
64, 21, 85
87, 85, 172
42, 18, 60
100, 91, 191
37, 89, 126
90, 25, 115
28, 78, 106
5, 82, 87
55, 75, 130
11, 7, 18
75, 88, 163
67, 2, 69
30, 55, 85
84, 12, 96
84, 86, 170
84, 47, 131
58, 35, 93
36, 55, 91
87, 84, 171
4, 85, 89
67, 46, 113
98, 80, 178
18, 61, 79
89, 86, 175
90, 99, 189
26, 94, 120
64, 61, 125
97, 61, 158
70, 20, 90
60, 36, 96
93, 20, 113
74, 54, 128
82, 31, 113
29, 79, 108
70, 62, 132
51, 68, 119
1, 67, 68
52, 19, 71
65, 12, 77
88, 81, 169
61, 37, 98
46, 92, 138
86, 1, 87
85, 64, 149
32, 67, 99
29, 78, 107
69, 99, 168
21, 17, 38
58, 13, 71
44, 72, 116
26, 71, 97
39, 75, 114
54, 11, 65
6, 2, 8
18, 40, 58
59, 14, 73
39, 21, 60
16, 84, 100
26, 80, 106
63, 97, 160
68, 60, 128
13, 45, 58
71, 19, 90
71, 31, 102
71, 1, 72
44, 65, 109
74, 22, 96
1, 48, 49
9, 84, 93
58, 38, 96
68, 12, 80
70, 5, 75
93, 68, 161
41, 25, 66
87, 98, 185
46, 88, 134
22, 7, 29
2, 45, 47
96, 84, 180
33, 39, 72
69, 3, 72
8, 70, 78
42, 99, 141
68, 14, 82
92, 44, 136
54, 7, 61
42, 74, 116
33, 76, 109
50, 52, 102
98, 52, 150
68, 81, 149
55, 48, 103
99, 98, 197
13, 13, 26
35, 99, 134
89, 89, 178
15, 52, 67
20, 39, 59
1, 54, 55
51, 87, 138
29, 39, 68
21, 92, 113
51, 25, 76
98, 93, 191
84, 52, 136
82, 12, 94
60, 61, 121
67, 63, 130
44, 3, 47
50, 8, 58
84, 65, 149
51, 50, 101
64, 75, 139
54, 93, 147
19, 14, 33
73, 64, 137
100, 61, 161
7, 92, 99
38, 64, 102
47, 6, 53
61, 87, 148
64, 2, 66
9, 64, 73
36, 57, 93
53, 20, 73
27, 65, 92
21, 97, 118
23, 95, 118
70, 34, 104
25, 88, 113
48, 69, 117
7, 61, 68
37, 94, 131
88, 71, 159
8, 39, 47
51, 91, 142
84, 86, 170
56, 88, 144
50, 70, 120
90, 92, 182
97, 52, 149
51, 30, 81
25, 87, 112
21, 66, 87
47, 29, 76
61, 88, 149
24, 82, 106
55, 71, 126
61, 77, 138
98, 64, 162
95, 42, 137
30, 32, 62
99, 89, 188
97, 10, 107
1, 95, 96
19, 100, 119
50, 67, 117
36, 27, 63
7, 69, 76
91, 34, 125
2, 95, 97
67, 33, 100
57, 54, 111
18, 74, 92
47, 29, 76
13, 40, 53
97, 8, 105
97, 21, 118
17, 19, 36
73, 20, 93
87, 8, 95
65, 51, 116
79, 2, 81
14, 71, 85
86, 59, 145
84, 15, 99
99, 78, 177
31, 97, 128
64, 31, 95
77, 10, 87
23, 58, 81
39, 53, 92
98, 56, 154
54, 21, 75
82, 32, 114
74, 49, 123
24, 74, 98
82, 53, 135
20, 32, 52
37, 21, 58
66, 96, 162
73, 29, 102
3, 98, 101
88, 16, 104
99, 66, 165
84, 31, 115
6, 51, 57
43, 16, 59
17, 54, 71
26, 15, 41
60, 24, 84
47, 100, 147
31, 29, 60
7, 99, 106
27, 26, 53
98, 3, 101
10, 70, 80
26, 13, 39
88, 78, 166
80, 42, 122
40, 29, 69
36, 46, 82
78, 25, 103
10, 41, 51
23, 28, 51
98, 18, 116
91, 31, 122
91, 55, 146
25, 61, 86
78, 71, 149
30, 84, 114
25, 24, 49
35, 33, 68
96, 17, 113
24, 69, 93
73, 65, 138
28, 21, 49
27, 33, 60
67, 26, 93
63, 66, 129
63, 58, 121
45, 70, 115
16, 44, 60
1, 28, 29
92, 14, 106
2, 98, 100
63, 95, 158
43, 96, 139
22, 83, 105
64, 95, 159
69, 48, 117
54, 27, 81
78, 39, 117
35, 54, 89
34, 5, 39
10, 3, 13
57, 49, 106
43, 14, 57
99, 96, 195
89, 13, 102
41, 43, 84
84, 89, 173
74, 41, 115
16, 91, 107
21, 85, 106
34, 45, 79
33, 15, 48
17, 3, 20
100, 68, 168
90, 31, 121
14, 89, 103
93, 39, 132
22, 53, 75
6, 77, 83
65, 20, 85
29, 42, 71
60, 28, 88
95, 80, 175
73, 34, 107
66, 46, 112
84, 22, 106
19, 67, 86
45, 18, 63
93, 33, 126
30, 61, 91
84, 98, 182
58, 96, 154
28, 45, 73
64, 20, 84
21, 65, 86
35, 26, 61
74, 75, 149
82, 6, 88
89, 20, 109
98, 15, 113
1, 48, 49
83, 30, 113
98, 44, 142
51, 78, 129
82, 56, 138
41, 88, 129
91, 2, 93
46, 83, 129
42, 7, 49
49, 92, 141
40, 6, 46
93, 68, 161
90, 90, 180
80, 38, 118
58, 6, 64
49, 69, 118
5, 83, 88
15, 29, 44
67, 72, 139
83, 37, 120
29, 40, 69
51, 58, 109
65, 64, 129
67, 32, 99
63, 11, 74
37, 84, 121
26, 87, 113
92, 54, 146
7, 33, 40
42, 95, 137
88, 81, 169
71, 25, 96
12, 22, 34
56, 66, 122
78, 99, 177
44, 60, 104
21, 14, 35
14, 51, 65
38, 58, 96
23, 66, 89
96, 100, 196
35, 9, 44
21, 64, 85
43, 64, 107
17, 2, 19
28, 24, 52
88, 39, 127
3, 5, 8
69, 41, 110
26, 88, 114
65, 70, 135
11, 65, 76
70, 66, 136
49, 16, 65
45, 10, 55
97, 49, 146
22, 23, 45
66, 86, 152
77, 30, 107
77, 30, 107
8, 25, 33
29, 100, 129
10, 70, 80
83, 20, 103
7, 59, 66
63, 68, 131
34, 43, 77
37, 17, 54
62, 42, 104
5, 11, 16
42, 92, 134
13, 62, 75
9, 11, 20
79, 37, 116
45, 25, 70
56, 84, 140
82, 24, 106
73, 36, 109
51, 93, 144
95, 58, 153
6, 52, 58
94, 22, 116
59, 67, 126
1, 16, 17
56, 50, 106
66, 44, 110
57, 6, 63
28, 82, 110
54, 43, 97
71, 60, 131
46, 1, 47
15, 85, 100
16, 82, 98
57, 28, 85
82, 39, 121
82, 19, 101
42, 32, 74
98, 58, 156
33, 75, 108
92, 86, 178
9, 22, 31
94, 32, 126
62, 53, 115
32, 76, 108
60, 26, 86
69, 31, 100
55, 23, 78
10, 32, 42
3, 86, 89
74, 35, 109
71, 43, 114
89, 69, 158
46, 13, 59
12, 73, 85
3, 55, 58
14, 47, 61
4, 50, 54
64, 48, 112
61, 51, 112
97, 41, 138
73, 77, 150
36, 78, 114
24, 33, 57
47, 50, 97
97, 42, 139
2, 44, 46
48, 14, 62
83, 35, 118
59, 29, 88
59, 86, 145
12, 3, 15
73, 52, 125
28, 41, 69
13, 24, 37
56, 2, 58
14, 100, 114
11, 58, 69
13, 27, 40
33, 26, 59
38, 45, 83
78, 40, 118
74, 75, 149
40, 54, 94
42, 79, 121
32, 51, 83
96, 51, 147
91, 6, 97
1, 6, 7
11, 91, 102
2, 69, 71
26, 75, 101
34, 22, 56
40, 50, 90
8, 13, 21
7, 23, 30
33, 66, 99
85, 44, 129
49, 39, 88
36, 99, 135
96, 59, 155
64, 70, 134
88, 49, 137
70, 87, 157
56, 26, 82
40, 69, 109
65, 74, 139
95, 30, 125
51, 14, 65
44, 13, 57
25, 50, 75
67, 47, 114
47, 56, 103
7, 39, 46
81, 44, 125
89, 44, 133
89, 58, 147
43, 96, 139
30, 22, 52
58, 2, 60
4, 45, 49
84, 48, 132
20, 70, 90
94, 4, 98
88, 81, 169
75, 69, 144
82, 98, 180
84, 16, 100
32, 82, 114
78, 29, 107
82, 51, 133
94, 26, 120
24, 20, 44
26, 11, 37
37, 85, 122
32, 95, 127
37, 44, 81
11, 33, 44
16, 34, 50
35, 23, 58
14, 21, 35
30, 12, 42
50, 14, 64
57, 42, 99
94, 46, 140
18, 16, 34
76, 6, 82
75, 37, 112
51, 42, 93
57, 26, 83
58, 57, 115
96, 3, 99
15, 81, 96
76, 39, 115
55, 70, 125
60, 23, 83
2, 46, 48
58, 38, 96
44, 5, 49
41, 44, 85
5, 54, 59
77, 43, 120
34, 4, 38
84, 82, 166
10, 59, 69
20, 73, 93
44, 51, 95
72, 28, 100
42, 60, 102
46, 23, 69
66, 85, 151
26, 2, 28
22, 69, 91
82, 82, 164
8, 48, 56
27, 47, 74
7, 6, 13
46, 45, 91
79, 64, 143
67, 40, 107
84, 89, 173
51, 32, 83
31, 41, 72
63, 33, 96
9, 42, 51
46, 33, 79
52, 9, 61
4, 79, 83
49, 69, 118
26, 87, 113
16, 49, 65
6, 61, 67
55, 1, 56
20, 84, 104
94, 35, 129
64, 1, 65
68, 7, 75
42, 80, 122
46, 29, 75
78, 88, 166
99, 40, 139
53, 54, 107
75, 96, 171
26, 84, 110
45, 11, 56
96, 61, 157
7, 60, 67
77, 90, 167
80, 78, 158
48, 72, 120
87, 57, 144
37, 85, 122
11, 95, 106
1, 48, 49
13, 15, 28
36, 79, 115
50, 82, 132
85, 57, 142
57, 10, 67
15, 22, 37
81, 95, 176
30, 32, 62
66, 31, 97
66, 80, 146
77, 13, 90
17, 50, 67
75, 70, 145
25, 55, 80
59, 46, 105
18, 58, 76
63, 78, 141
27, 60, 87
82, 26, 108
66, 74, 140
18, 72, 90
60, 30, 90
62, 27, 89
39, 89, 128
96, 81, 177
34, 6, 40
22, 2, 24
40, 59, 99
79, 45, 124
5, 33, 38
60, 75, 135
1, 2, 3
87, 77, 164
36, 75, 111
20, 19, 39
60, 67, 127
78, 98, 176
31, 29, 60
71, 40, 111
91, 39, 130
13, 74, 87
95, 80, 175
57, 86, 143
93, 29, 122
98, 92, 190
90, 51, 141
35, 62, 97
53, 22, 75
69, 48, 117
81, 68, 149
5, 92, 97
61, 1, 62
2, 62, 64
81, 59, 140
79, 75, 154
9, 87, 96
31, 97, 128
94, 65, 159
64, 17, 81
25, 51, 76
88, 71, 159
80, 100, 180
32, 18, 50
2, 27, 29
82, 85, 167
57, 35, 92
46, 13, 59
68, 9, 77
50, 62, 112
68, 3, 71
16, 13, 29
60, 48, 108
63, 100, 163
68, 73, 141
62, 30, 92
76, 19, 95
63, 21, 84
50, 17, 67
95, 67, 162
67, 63, 130
39, 77, 116
86, 61, 147
73, 40, 113
83, 74, 157
4, 5, 9
32, 33, 65
47, 23, 70
88, 17, 105
65, 81, 146
26, 1, 27
78, 49, 127
72, 29, 101
44, 13, 57
42, 24, 66
58, 54, 112
34, 92, 126
52, 100, 152
48, 89, 137
77, 91, 168
78, 83, 161
34, 76, 110
48, 94, 142
33, 47, 80
50, 55, 105
95, 43, 138
51, 90, 141
95, 62, 157
4, 56, 60
77, 34, 111
65, 88, 153
42, 74, 116
18, 72, 90
74, 74, 148
62, 54, 116
60, 71, 131
10, 21, 31
26, 75, 101
15, 65, 80
87, 63, 150
11, 29, 40
11, 82, 93
8, 9, 17
23, 7, 30
33, 18, 51
89, 44, 133
34, 85, 119
93, 90, 183
62, 7, 69
46, 74, 120
20, 33, 53
34, 52, 86
22, 1, 23
66, 51, 117
56, 45, 101
71, 91, 162
37, 63, 100
86, 69, 155
5, 89, 94
44, 6, 50
90, 59, 149
100, 47, 147
14, 43, 57
64, 69, 133
14, 7, 21
56, 14, 70
30, 48, 78
78, 81, 159
11, 71, 82
13, 74, 87
26, 2, 28
21, 94, 115
22, 82, 104
26, 70, 96
4, 100, 104
87, 11, 98
53, 42, 95
68, 39, 107
19, 21, 40
16, 94, 110
23, 3, 26
74, 10, 84
84, 12, 96
98, 49, 147
27, 17, 44
9, 27, 36
31, 98, 129
83, 96, 179
23, 59, 82
38, 67, 105
36, 14, 50
77, 46, 123
30, 47, 77
79, 94, 173
88, 93, 181
34, 91, 125
5, 57, 62
9, 41, 50
88, 84, 172
63, 89, 152
86, 57, 143
18, 8, 26
47, 97, 144
39, 85, 124
36, 56, 92
17, 87, 104
13, 8, 21
60, 44, 104
90, 94, 184
53, 72, 125
65, 72, 137
81, 21, 102
7, 78, 85
73, 65, 138
9, 53, 62
58, 58, 116
78, 97, 175
36, 67, 103
5, 45, 50
43, 23, 66
99, 86, 185
24, 7, 31
14, 8, 22
36, 80, 116
7, 22, 29
32, 16, 48
27, 55, 82
61, 92, 153
37, 46, 83
80, 23, 103
94, 77, 171
62, 77, 139
43, 35, 78
55, 68, 123
44, 76, 120
23, 27, 50
26, 54, 80
95, 75, 170
21, 46, 67
42, 13, 55
36, 32, 68
99, 8, 107
2, 73, 75
76, 97, 173
85, 68, 153
15, 28, 43
34, 24, 58
50, 2, 52
99, 84, 183
28, 84, 112
4, 21, 25
43, 88, 131
16, 43, 59
84, 49, 133
13, 17, 30
65, 11, 76
67, 55, 122
72, 3, 75
38, 21, 59
20, 84, 104
68, 82, 150
32, 29, 61
15, 14, 29
12, 39, 51
58, 22, 80
80, 36, 116
67, 6, 73
88, 83, 171
83, 24, 107
27, 78, 105
19, 51, 70
31, 7, 38
76, 83, 159
75, 29, 104
74, 23, 97
32, 50, 82
84, 45, 129
85, 18, 103
33, 79, 112
79, 21, 100
86, 10, 96
36, 58, 94
63, 58, 121
49, 84, 133
82, 38, 120
32, 14, 46
46, 3, 49
100, 70, 170
37, 99, 136
7, 42, 49
46, 58, 104
96, 92, 188
33, 98, 131
97, 59, 156
59, 96, 155
48, 90, 138
68, 24, 92
20, 52, 72
85, 28, 113
40, 13, 53
4, 61, 65
14, 24, 38
11, 64, 75
20, 36, 56
37, 91, 128
94, 37, 131
29, 83, 112
1, 26, 27
61, 55, 116
59, 24, 83
69, 52, 121
6, 46, 52
21, 62, 83
62, 3, 65
78, 81, 159
77, 70, 147
31, 39, 70
79, 86, 165
95, 32, 127
90, 6, 96
93, 66, 159
24, 29, 53
84, 60, 144
83, 85, 168
27, 84, 111
79, 44, 123
28, 67, 95
100, 50, 150
76, 76, 152
39, 36, 75
55, 66, 121
28, 1, 29
11, 32, 43
68, 20, 88
49, 74, 123
39, 77, 116
65, 90, 155
89, 31, 120
19, 42, 61
26, 7, 33
31, 50, 81
41, 31, 72
38, 6, 44
39, 67, 106
64, 23, 87
43, 11, 54
77, 63, 140
35, 12, 47
88, 21, 109
15, 61, 76
75, 63, 138
12, 97, 109
51, 88, 139
65, 65, 130
59, 26, 85
3, 77, 80
65, 94, 159
36, 92, 128
97, 12, 109
30, 94, 124
31, 9, 40
15, 63, 78
81, 35, 116
32, 3, 35
2, 34, 36
33, 7, 40
54, 89, 143
88, 26, 114
25, 43, 68
81, 31, 112
62, 68, 130
1, 11, 12
93, 99, 192
2, 12, 14
94, 12, 106
40, 96, 136
55, 44, 99
2, 88, 90
61, 43, 104
63, 38, 101
95, 50, 145
86, 95, 181
14, 56, 70
36, 63, 99
68, 8, 76
85, 24, 109
80, 77, 157
94, 54, 148
80, 9, 89
35, 82, 117
68, 67, 135
37, 1, 38
76, 36, 112
93, 89, 182
99, 44, 143
6, 9, 15
99, 27, 126
73, 53, 126
31, 6, 37
51, 77, 128
1, 69, 70
68, 40, 108
74, 86, 160
47, 20, 67
43, 39, 82
40, 49, 89
11, 3, 14
66, 77, 143
27, 55, 82
64, 17, 81
4, 92, 96
66, 56, 122
89, 14, 103
33, 93, 126
72, 39, 111
60, 64, 124
84, 25, 109
49, 19, 68
76, 81, 157
34, 10, 44
34, 97, 131
35, 84, 119
81, 38, 119
59, 47, 106
1, 59, 60
51, 36, 87
48, 34, 82
4, 10, 14
37, 43, 80
52, 19, 71
37, 29, 66
3, 48, 51
66, 53, 119
25, 20, 45
21, 9, 30
81, 36, 117
3, 52, 55
66, 48, 114
32, 58, 90
16, 42, 58
12, 98, 110
82, 56, 138
30, 49, 79
20, 67, 87
61, 74, 135
10, 59, 69
49, 56, 105
23, 3, 26
81, 83, 164
80, 22, 102
29, 15, 44
22, 95, 117
68, 3, 71
76, 71, 147
30, 5, 35
14, 90, 104
27, 44, 71
16, 23, 39
19, 30, 49
8, 89, 97
99, 12, 111
25, 4, 29
39, 89, 128
13, 59, 72
57, 99, 156
26, 74, 100
94, 4, 98
65, 67, 132
5, 58, 63
54, 71, 125
59, 22, 81
52, 82, 134
28, 38, 66
30, 17, 47
90, 80, 170
6, 67, 73
26, 84, 110
29, 50, 79
3, 56, 59
47, 58, 105
51, 45, 96
40, 31, 71
88, 100, 188
93, 91, 184
14, 48, 62
77, 61, 138
35, 57, 92
15, 30, 45
26, 56, 82
8, 97, 105
92, 100, 192
25, 17, 42
38, 54, 92
91, 59, 150
47, 55, 102
91, 88, 179
68, 26, 94
27, 9, 36
94, 47, 141
45, 71, 116
17, 66, 83
14, 42, 56
67, 38, 105
35, 93, 128
46, 99, 145
26, 13, 39
99, 74, 173
41, 38, 79
33, 94, 127
17, 85, 102
4, 47, 51
96, 91, 187
12, 35, 47
46, 73, 119
86, 66, 152
11, 14, 25
37, 3, 40
5, 81, 86
39, 42, 81
46, 56, 102
27, 79, 106
70, 65, 135
33, 6, 39
96, 62, 158
100, 82, 182
48, 32, 80
62, 19, 81
59, 26, 85
95, 37, 132
73, 17, 90
47, 77, 124
11, 3, 14
27, 90, 117
44, 55, 99
71, 60, 131
86, 20, 106
81, 45, 126
58, 70, 128
14, 73, 87
81, 33, 114
24, 35, 59
34, 16, 50
4, 51, 55
12, 42, 54
59, 13, 72
82, 38, 120
44, 14, 58
78, 84, 162
14, 48, 62
20, 47, 67
61, 52, 113
31, 16, 47
45, 52, 97
81, 35, 116
91, 37, 128
80, 93, 173
37, 95, 132
11, 61, 72
1, 21, 22
53, 97, 150
30, 22, 52
30, 8, 38
5, 66, 71
52, 37, 89
75, 24, 99
17, 52, 69
85, 82, 167
51, 43, 94
40, 61, 101
40, 99, 139
71, 97, 168
66, 68, 134
32, 27, 59
35, 19, 54
21, 84, 105
43, 64, 107
22, 39, 61
83, 70, 153
98, 26, 124
37, 38, 75
34, 100, 134
83, 13, 96
50, 53, 103
87, 11, 98
23, 55, 78
98, 38, 136
8, 38, 46
22, 61, 83
88, 34, 122
100, 87, 187
15, 14, 29
75, 85, 160
96, 45, 141
91, 93, 184
98, 75, 173
2, 16, 18
22, 50, 72
28, 99, 127
91, 85, 176
62, 55, 117
29, 46, 75
78, 30, 108
83, 33, 116
99, 2, 101
82, 32, 114
46, 68, 114
31, 42, 73
45, 34, 79
13, 66, 79
96, 60, 156
29, 9, 38
35, 29, 64
26, 89, 115
50, 74, 124
81, 52, 133
34, 62, 96
50, 87, 137
12, 64, 76
92, 64, 156
33, 82, 115
84, 81, 165
83, 18, 101
16, 79, 95
37, 11, 48
34, 99, 133
61, 20, 81
48, 72, 120
91, 9, 100
49, 59, 108
66, 67, 133
95, 63, 158
56, 50, 106
29, 81, 110
23, 67, 90
92, 68, 160
21, 64, 85
97, 54, 151
22, 57, 79
17, 37, 54
92, 68, 160
83, 24, 107
73, 74, 147
22, 18, 40
84, 40, 124
53, 17, 70
55, 19, 74
40, 66, 106
44, 45, 89
43, 29, 72
1, 18, 19
68, 40, 108
72, 2, 74
87, 39, 126
4, 15, 19
91, 52, 143
36, 70, 106
94, 51, 145
76, 33, 109
40, 82, 122
98, 27, 125
8, 3, 11
49, 100, 149
79, 10, 89
42, 35, 77
16, 62, 78
51, 39, 90
78, 71, 149
91, 16, 107
59, 1, 60
89, 2, 91
71, 64, 135
98, 6, 104
12, 12, 24
28, 84, 112
33, 89, 122
45, 66, 111
85, 86, 171
79, 73, 152
76, 1, 77
53, 82, 135
67, 77, 144
82, 27, 109
90, 56, 146
10, 81, 91
99, 11, 110
58, 100, 158
54, 62, 116
71, 10, 81
53, 87, 140
26, 90, 116
43, 37, 80
99, 86, 185
88, 6, 94
73, 51, 124
47, 97, 144
19, 44, 63
49, 14, 63
37, 81, 118
56, 15, 71
48, 8, 56
87, 53, 140
71, 1, 72
52, 14, 66
78, 2, 80
25, 73, 98
3, 48, 51
68, 17, 85
54, 66, 120
37, 82, 119
42, 85, 127
23, 40, 63
35, 88, 123
35, 87, 122
33, 76, 109
98, 32, 130
59, 25, 84
39, 66, 105
79, 95, 174
11, 80, 91
40, 74, 114
71, 8, 79
50, 72, 122
55, 68, 123
95, 50, 145
72, 64, 136
20, 100, 120
27, 23, 50
49, 13, 62
27, 95, 122
73, 19, 92
60, 41, 101
50, 56, 106
17, 92, 109
50, 56, 106
73, 28, 101
56, 56, 112
43, 75, 118
89, 25, 114
35, 93, 128
30, 69, 99
18, 27, 45
97, 86, 183
34, 45, 79
66, 77, 143
61, 57, 118
52, 24, 76
87, 95, 182
96, 35, 131
27, 9, 36
30, 20, 50
100, 90, 190
25, 77, 102
53, 51, 104
19, 19, 38
80, 62, 142
17, 48, 65
9, 17, 26
48, 95, 143
10, 41, 51
71, 50, 121
3, 19, 22
73, 21, 94
100, 9, 109
27, 18, 45
8, 12, 20
36, 35, 71
98, 75, 173
63, 83, 146
15, 76, 91
69, 76, 145
53, 30, 83
61, 6, 67
26, 48, 74
85, 2, 87
72, 41, 113
50, 14, 64
38, 98, 136
9, 36, 45
45, 80, 125
19, 58, 77
77, 24, 101
27, 19, 46
73, 87, 160
87, 55, 142
50, 39, 89
55, 73, 128
3, 87, 90
69, 8, 77
10, 86, 96
61, 96, 157
100, 36, 136
89, 36, 125
44, 71, 115
34, 1, 35
40, 61, 101
57, 97, 154
2, 41, 43
76, 77, 153
81, 100, 181
28, 25, 53
23, 83, 106
99, 30, 129
57, 22, 79
88, 16, 104
77, 45, 122
47, 38, 85
11, 20, 31
44, 64, 108
76, 77, 153
80, 92, 172
11, 27, 38
19, 23, 42
28, 35, 63
17, 86, 103
48, 71, 119
16, 9, 25
28, 54, 82
59, 100, 159
78, 37, 115
4, 32, 36
83, 41, 124
4, 83, 87
99, 84, 183
4, 100, 104
30, 4, 34
68, 93, 161
79, 95, 174
42, 54, 96
64, 18, 82
68, 95, 163
22, 33, 55
17, 56, 73
3, 32, 35
15, 27, 42
93, 100, 193
34, 8, 42
70, 33, 103
66, 55, 121
82, 30, 112
75, 37, 112
63, 76, 139
72, 22, 94
39, 98, 137
95, 41, 136
99, 22, 121
78, 72, 150
50, 36, 86
33, 49, 82
72, 39, 111
52, 11, 63
2, 3, 5
45, 2, 47
63, 71, 134
92, 78, 170
36, 90, 126
95, 2, 97
91, 13, 104
45, 39, 84
42, 54, 96
41, 24, 65
39, 70, 109
96, 16, 112
57, 39, 96
91, 89, 180
14, 52, 66
78, 100, 178
45, 31, 76
92, 8, 100
55, 67, 122
42, 92, 134
19, 37, 56
57, 7, 64
5, 62, 67
1, 48, 49
55, 96, 151
58, 69, 127
52, 69, 121
35, 21, 56
61, 31, 92
22, 34, 56
22, 55, 77
81, 7, 88
2, 30, 32
78, 63, 141
19, 31, 50
71, 79, 150
54, 85, 139
82, 66, 148
56, 41, 97
38, 24, 62
7, 23, 30
73, 46, 119
97, 55, 152
58, 39, 97
83, 4, 87
99, 57, 156
99, 62, 161
21, 29, 50
38, 99, 137
24, 19, 43
31, 1, 32
8, 95, 103
9, 50, 59
25, 47, 72
36, 56, 92
93, 67, 160
5, 61, 66
66, 49, 115
71, 10, 81
39, 33, 72
36, 54, 90
7, 38, 45
41, 43, 84
30, 48, 78
25, 4, 29
9, 8, 17
85, 60, 145
93, 47, 140
8, 99, 107
1, 100, 101
11, 86, 97
58, 55, 113
81, 64, 145
8, 89, 97
65, 59, 124
68, 33, 101
67, 85, 152
81, 53, 134
72, 93, 165
1, 41, 42
20, 92, 112
80, 63, 143
88, 15, 103
75, 84, 159
54, 96, 150
79, 59, 138
78, 72, 150
13, 49, 62
1, 37, 38
59, 28, 87
82, 69, 151
17, 85, 102
43, 11, 54
55, 1, 56
95, 31, 126
2, 38, 40
25, 57, 82
83, 20, 103
22, 66, 88
90, 30, 120
56, 40, 96
38, 57, 95
54, 53, 107
9, 6, 15
53, 83, 136
91, 36, 127
74, 40, 114
98, 3, 101
5, 56, 61
74, 73, 147
69, 54, 123
35, 76, 111
91, 90, 181
80, 30, 110
8, 21, 29
22, 69, 91
89, 30, 119
26, 65, 91
11, 26, 37
57, 33, 90
12, 100, 112
14, 37, 51
86, 81, 167
32, 68, 100
99, 46, 145
18, 99, 117
6, 36, 42
24, 88, 112
97, 1, 98
11, 70, 81
59, 19, 78
48, 22, 70
80, 40, 120
76, 87, 163
72, 18, 90
95, 19, 114
44, 31, 75
69, 48, 117
79, 45, 124
12, 66, 78
64, 29, 93
47, 87, 134
80, 46, 126
6, 97, 103
5, 87, 92
35, 14, 49
18, 86, 104
8, 14, 22
15, 7, 22
5, 21, 26
6, 30, 36
39, 89, 128
7, 76, 83
89, 95, 184
12, 78, 90
70, 4, 74
91, 13, 104
68, 75, 143
56, 35, 91
24, 77, 101
95, 24, 119
80, 43, 123
11, 70, 81
81, 63, 144
98, 100, 198
91, 34, 125
20, 44, 64
99, 99, 198
56, 44, 100
76, 77, 153
38, 91, 129
81, 10, 91
33, 4, 37
68, 39, 107
41, 96, 137
60, 69, 129
13, 27, 40
13, 80, 93
90, 83, 173
57, 35, 92
69, 84, 153
1, 60, 61
67, 31, 98
97, 88, 185
50, 19, 69
49, 69, 118
23, 33, 56
20, 15, 35
5, 96, 101
51, 54, 105
52, 79, 131
94, 35, 129
23, 64, 87
51, 42, 93
39, 89, 128
6, 78, 84
32, 24, 56
73, 89, 162
30, 60, 90
62, 22, 84
42, 26, 68
35, 84, 119
9, 100, 109
18, 43, 61
69, 7, 76
89, 21, 110
49, 79, 128
55, 18, 73
21, 20, 41
8, 48, 56
73, 12, 85
79, 82, 161
36, 10, 46
35, 15, 50
81, 10, 91
21, 35, 56
88, 100, 188
66, 55, 121
14, 34, 48
91, 39, 130
29, 77, 106
34, 26, 60
88, 28, 116
45, 72, 117
26, 78, 104
73, 94, 167
2, 8, 10
41, 6, 47
26, 30, 56
33, 83, 116
76, 4, 80
30, 76, 106
2, 56, 58
32, 41, 73
76, 22, 98
38, 32, 70
48, 30, 78
79, 69, 148
38, 86, 124
39, 18, 57
42, 60, 102
24, 10, 34
47, 11, 58
100, 65, 165
53, 93, 146
35, 55, 90
7, 2, 9
20, 85, 105
64, 51, 115
57, 33, 90
29, 91, 120
26, 71, 97
2, 86, 88
97, 20, 117
55, 73, 128
53, 39, 92
2, 15, 17
34, 90, 124
52, 55, 107
34, 46, 80
82, 86, 168
9, 21, 30
82, 55, 137
23, 17, 40
63, 89, 152
7, 3, 10
78, 46, 124
75, 11, 86
96, 28, 124
100, 44, 144
90, 6, 96
28, 29, 57
4, 61, 65
39, 35, 74
51, 56, 107
40, 61, 101
99, 78, 177
42, 2, 44
7, 11, 18
50, 15, 65
82, 28, 110
52, 30, 82
95, 1, 96
4, 36, 40
86, 64, 150
30, 27, 57
38, 23, 61
84, 37, 121
56, 46, 102
10, 39, 49
33, 61, 94
45, 81, 126
17, 82, 99
58, 79, 137
82, 48, 130
5, 33, 38
40, 80, 120
3, 1, 4
29, 14, 43
2, 63, 65
33, 46, 79
20, 15, 35
82, 76, 158
42, 17, 59
79, 47, 126
82, 47, 129
54, 68, 122
25, 81, 106
13, 79, 92
32, 87, 119
56, 61, 117
68, 63, 131
44, 40, 84
18, 50, 68
91, 60, 151
33, 8, 41
100, 97, 197
15, 22, 37
87, 38, 125
21, 38, 59
8, 96, 104
86, 43, 129
36, 61, 97
82, 96, 178
14, 94, 108
26, 49, 75
52, 75, 127
1, 49, 50
91, 90, 181
50, 56, 106
24, 80, 104
16, 54, 70
96, 32, 128
10, 77, 87
16, 72, 88
76, 88, 164
16, 13, 29
98, 19, 117
76, 73, 149
73, 23, 96
18, 56, 74
99, 29, 128
51, 100, 151
40, 4, 44
84, 19, 103
85, 31, 116
100, 68, 168
70, 53, 123
76, 43, 119
1, 35, 36
85, 59, 144
33, 9, 42
51, 81, 132
27, 93, 120
34, 91, 125
63, 1, 64
3, 44, 47
14, 92, 106
1, 60, 61
12, 25, 37
47, 80, 127
67, 35, 102
14, 87, 101
67, 31, 98
89, 60, 149
48, 87, 135
16, 80, 96
30, 4, 34
28, 46, 74
17, 24, 41
70, 4, 74
34, 60, 94
86, 39, 125
35, 34, 69
3, 28, 31
12, 90, 102
16, 74, 90
39, 16, 55
58, 62, 120
71, 68, 139
3, 51, 54
82, 78, 160
89, 33, 122
47, 21, 68
40, 14, 54
51, 78, 129
65, 72, 137
23, 33, 56
7, 49, 56
43, 4, 47
57, 63, 120
27, 12, 39
58, 29, 87
88, 10, 98
31, 99, 130
29, 12, 41
78, 1, 79
87, 22, 109
56, 21, 77
4, 57, 61
84, 30, 114
39, 31, 70
85, 1, 86
33, 96, 129
50, 95, 145
21, 83, 104
97, 63, 160
9, 71, 80
31, 80, 111
92, 6, 98
69, 65, 134
1, 27, 28
65, 67, 132
4, 80, 84
95, 27, 122
28, 87, 115
37, 3, 40
41, 97, 138
56, 84, 140
2, 74, 76
3, 33, 36
48, 2, 50
57, 2, 59
35, 54, 89
88, 79, 167
28, 40, 68
73, 2, 75
40, 26, 66
95, 19, 114
61, 75, 136
48, 75, 123
54, 61, 115
63, 62, 125
62, 11, 73
5, 4, 9
24, 67, 91
21, 33, 54
22, 88, 110
67, 63, 130
41, 16, 57
85, 76, 161
44, 99, 143
8, 97, 105
1, 7, 8
45, 29, 74
51, 36, 87
25, 28, 53
65, 86, 151
9, 60, 69
76, 52, 128
79, 58, 137
10, 38, 48
37, 20, 57
40, 91, 131
4, 41, 45
86, 27, 113
26, 32, 58
22, 16, 38
52, 24, 76
56, 14, 70
100, 14, 114
12, 75, 87
11, 65, 76
87, 33, 120
95, 80, 175
63, 29, 92
38, 51, 89
73, 39, 112
27, 86, 113
18, 22, 40
91, 69, 160
27, 37, 64
49, 13, 62
90, 22, 112
47, 65, 112
7, 14, 21
78, 26, 104
48, 72, 120
69, 41, 110
23, 27, 50
68, 54, 122
47, 31, 78
16, 58, 74
53, 84, 137
40, 100, 140
79, 42, 121
10, 20, 30
87, 28, 115
59, 90, 149
5, 84, 89
63, 49, 112
45, 16, 61
28, 45, 73
80, 80, 160
18, 70, 88
80, 53, 133
62, 42, 104
11, 41, 52
9, 25, 34
13, 67, 80
11, 19, 30
85, 21, 106
42, 50, 92
53, 55, 108
47, 30, 77
43, 34, 77
59, 92, 151
56, 98, 154
33, 57, 90
44, 76, 120
70, 90, 160
83, 11, 94
98, 12, 110
74, 70, 144
37, 57, 94
95, 12, 107
28, 6, 34
67, 95, 162
83, 48, 131
31, 80, 111
25, 32, 57
59, 77, 136
50, 58, 108
67, 92, 159
13, 63, 76
2, 47, 49
96, 84, 180
75, 94, 169
98, 31, 129
56, 35, 91
37, 52, 89
78, 3, 81
46, 49, 95
93, 33, 126
52, 91, 143
94, 39, 133
9, 14, 23
46, 90, 136
91, 87, 178
77, 82, 159
60, 2, 62
51, 35, 86
21, 84, 105
45, 87, 132
3, 72, 75
89, 58, 147
44, 60, 104
97, 47, 144
24, 41, 65
78, 4, 82
25, 84, 109
35, 93, 128
59, 17, 76
81, 80, 161
52, 2, 54
66, 75, 141
93, 79, 172
88, 47, 135
53, 34, 87
68, 79, 147
19, 30, 49
92, 3, 95
44, 69, 113
46, 41, 87
25, 96, 121
50, 73, 123
63, 89, 152
24, 94, 118
50, 12, 62
19, 67, 86
84, 23, 107
60, 94, 154
2, 43, 45
93, 70, 163
84, 71, 155
82, 50, 132
90, 61, 151
97, 74, 171
63, 81, 144
32, 95, 127
74, 51, 125
97, 44, 141
87, 75, 162
89, 63, 152
47, 15, 62
14, 26, 40
100, 3, 103
69, 18, 87
7, 25, 32
68, 27, 95
79, 22, 101
44, 36, 80
93, 93, 186
66, 55, 121
77, 29, 106
21, 39, 60
10, 95, 105
80, 25, 105
43, 96, 139
83, 74, 157
14, 94, 108
59, 70, 129
12, 51, 63
55, 67, 122
91, 48, 139
14, 12, 26
53, 55, 108
82, 62, 144
2, 22, 24
14, 68, 82
11, 74, 85
21, 76, 97
24, 42, 66
99, 72, 171
77, 76, 153
45, 74, 119
9, 80, 89
15, 99, 114
23, 98, 121
20, 86, 106
61, 18, 79
44, 17, 61
48, 93, 141
45, 35, 80
59, 24, 83
4, 53, 57
6, 3, 9
98, 95, 193
56, 21, 77
34, 42, 76
19, 39, 58
81, 92, 173
39, 95, 134
72, 94, 166
1, 50, 51
84, 78, 162
41, 45, 86
2, 37, 39
86, 92, 178
28, 26, 54
76, 55, 131
58, 60, 118
56, 10, 66
84, 40, 124
33, 51, 84
7, 1, 8
43, 26, 69
54, 44, 98
30, 85, 115
6, 23, 29
40, 97, 137
99, 22, 121
65, 3, 68
83, 42, 125
41, 34, 75
68, 55, 123
11, 53, 64
54, 96, 150
44, 11, 55
9, 21, 30
46, 43, 89
3, 87, 90
37, 43, 80
5, 46, 51
34, 77, 111
41, 86, 127
91, 11, 102
83, 85, 168
99, 8, 107
94, 16, 110
54, 84, 138
70, 14, 84
79, 35, 114
77, 18, 95
80, 70, 150
37, 78, 115
13, 76, 89
79, 18, 97
19, 42, 61
46, 45, 91
71, 80, 151
1, 76, 77
90, 28, 118
25, 9, 34
60, 78, 138
28, 59, 87
47, 56, 103
100, 45, 145
74, 86, 160
60, 100, 160
75, 3, 78
68, 11, 79
60, 21, 81
35, 27, 62
91, 42, 133
52, 14, 66
98, 44, 142
57, 24, 81
12, 50, 62
48, 99, 147
43, 77, 120
53, 80, 133
87, 25, 112
24, 69, 93
48, 29, 77
80, 93, 173
18, 89, 107
97, 88, 185
62, 80, 142
51, 71, 122
9, 16, 25
88, 36, 124
71, 85, 156
20, 84, 104
80, 89, 169
33, 89, 122
29, 55, 84
47, 24, 71
99, 80, 179
5, 78, 83
22, 2, 24
43, 17, 60
11, 82, 93
63, 25, 88
99, 74, 173
19, 34, 53
65, 2, 67
32, 70, 102
37, 95, 132
85, 83, 168
92, 64, 156
1, 30, 31
59, 75, 134
79, 9, 88
67, 2, 69
62, 5, 67
24, 15, 39
82, 38, 120
21, 8, 29
25, 20, 45
51, 60, 111
81, 9, 90
88, 95, 183
89, 35, 124
27, 33, 60
41, 23, 64
19, 85, 104
4, 23, 27
62, 71, 133
86, 58, 144
58, 88, 146
74, 37, 111
45, 38, 83
83, 72, 155
80, 78, 158
32, 8, 40
48, 100, 148
70, 63, 133
10, 64, 74
27, 2, 29
48, 49, 97
34, 40, 74
28, 86, 114
36, 16, 52
73, 87, 160
23, 32, 55
73, 45, 118
27, 61, 88
35, 64, 99
21, 60, 81
31, 48, 79
65, 86, 151
21, 47, 68
85, 15, 100
83, 63, 146
8, 59, 67
10, 72, 82
8, 36, 44
63, 42, 105
28, 45, 73
49, 58, 107
36, 34, 70
38, 62, 100
19, 69, 88
10, 64, 74
15, 31, 46
100, 88, 188
50, 19, 69
74, 6, 80
58, 99, 157
98, 90, 188
65, 53, 118
87, 9, 96
82, 75, 157
69, 24, 93
59, 64, 123
94, 51, 145
64, 17, 81
55, 75, 130
15, 97, 112
62, 100, 162
70, 78, 148
73, 33, 106
73, 51, 124
63, 24, 87
62, 69, 131
63, 83, 146
47, 19, 66
29, 20, 49
17, 93, 110
88, 81, 169
23, 74, 97
57, 83, 140
61, 77, 138
76, 77, 153
32, 78, 110
67, 22, 89
39, 96, 135
2, 76, 78
39, 57, 96
93, 27, 120
32, 94, 126
62, 93, 155
42, 80, 122
21, 51, 72
71, 11, 82
13, 96, 109
14, 26, 40
78, 78, 156
99, 57, 156
59, 53, 112
15, 63, 78
37, 46, 83
63, 4, 67
40, 85, 125
23, 5, 28
50, 4, 54
88, 73, 161
27, 5, 32
55, 90, 145
61, 22, 83
92, 78, 170
32, 8, 40
11, 29, 40
100, 19, 119
53, 14, 67
4, 15, 19
93, 11, 104
5, 51, 56
39, 46, 85
20, 10, 30
96, 6, 102
99, 36, 135
13, 69, 82
5, 63, 68
4, 18, 22
14, 33, 47
22, 40, 62
87, 55, 142
50, 24, 74
22, 86, 108
49, 19, 68
65, 43, 108
71, 84, 155
31, 65, 96
9, 64, 73
68, 40, 108
16, 92, 108
38, 83, 121
93, 25, 118
37, 86, 123
62, 22, 84
40, 71, 111
48, 84, 132
10, 74, 84
21, 76, 97
16, 69, 85
56, 7, 63
86, 91, 177
91, 45, 136
19, 91, 110
99, 36, 135
32, 15, 47
6, 41, 47
40, 70, 110
93, 95, 188
60, 5, 65
56, 68, 124
4, 54, 58
57, 73, 130
79, 91, 170
51, 60, 111
73, 52, 125
10, 48, 58
76, 3, 79
29, 94, 123
60, 70, 130
26, 40, 66
50, 62, 112
85, 46, 131
80, 8, 88
97, 29, 126
65, 20, 85
10, 41, 51
23, 81, 104
99, 66, 165
40, 44, 84
50, 51, 101
53, 42, 95
12, 95, 107
75, 75, 150
70, 69, 139
19, 69, 88
87, 36, 123
45, 91, 136
92, 82, 174
59, 18, 77
69, 56, 125
46, 70, 116
39, 50, 89
78, 17, 95
30, 14, 44
34, 95, 129
50, 2, 52
23, 26, 49
3, 88, 91
33, 34, 67
40, 72, 112
78, 50, 128
92, 95, 187
16, 21, 37
93, 77, 170
70, 7, 77
18, 22, 40
40, 1, 41
76, 67, 143
29, 52, 81
15, 31, 46
63, 86, 149
98, 78, 176
24, 23, 47
73, 50, 123
70, 35, 105
92, 97, 189
90, 93, 183
74, 21, 95
79, 60, 139
84, 88, 172
80, 53, 133
25, 49, 74
38, 3, 41
66, 82, 148
13, 24, 37
24, 86, 110
73, 27, 100
85, 74, 159
92, 77, 169
50, 92, 142
10, 27, 37
92, 77, 169
58, 28, 86
11, 52, 63
96, 29, 125
32, 78, 110
12, 82, 94
19, 55, 74
79, 11, 90
78, 6, 84
55, 63, 118
1, 25, 26
83, 81, 164
75, 70, 145
10, 18, 28
37, 35, 72
22, 10, 32
34, 15, 49
28, 1, 29
7, 65, 72
35, 40, 75
31, 81, 112
6, 7, 13
30, 83, 113
97, 29, 126
34, 73, 107
72, 50, 122
11, 68, 79
90, 97, 187
69, 71, 140
36, 24, 60
53, 86, 139
52, 51, 103
20, 46, 66
18, 19, 37
57, 23, 80
8, 100, 108
82, 5, 87
58, 46, 104
12, 100, 112
39, 30, 69
89, 71, 160
21, 34, 55
61, 23, 84
42, 73, 115
12, 77, 89
78, 22, 100
48, 28, 76
52, 79, 131
20, 74, 94
9, 27, 36
56, 34, 90
25, 4, 29
45, 63, 108
46, 76, 122
59, 76, 135
97, 41, 138
49, 92, 141
24, 11, 35
79, 10, 89
58, 46, 104
19, 63, 82
59, 2, 61
61, 18, 79
95, 7, 102
31, 47, 78
11, 44, 55
8, 24, 32
78, 11, 89
22, 63, 85
57, 45, 102
33, 78, 111
97, 59, 156
83, 24, 107
49, 40, 89
13, 40, 53
25, 6, 31
8, 41, 49
86, 41, 127
92, 90, 182
87, 39, 126
16, 19, 35
37, 79, 116
22, 86, 108
70, 93, 163
69, 11, 80
93, 35, 128
69, 88, 157
47, 61, 108
1, 15, 16
45, 48, 93
97, 19, 116
79, 95, 174
55, 73, 128
15, 76, 91
28, 68, 96
94, 80, 174
62, 89, 151
22, 65, 87
29, 70, 99
97, 39, 136
97, 13, 110
77, 2, 79
33, 79, 112
58, 51, 109
34, 63, 97
35, 76, 111
70, 97, 167
9, 34, 43
25, 25, 50
20, 85, 105
31, 35, 66
52, 19, 71
58, 14, 72
19, 44, 63
91, 63, 154
5, 46, 51
76, 59, 135
65, 4, 69
88, 44, 132
66, 69, 135
7, 80, 87
26, 69, 95
19, 22, 41
63, 77, 140
6, 81, 87
44, 91, 135
12, 61, 73
84, 44, 128
20, 1, 21
26, 93, 119
100, 64, 164
97, 13, 110
88, 99, 187
7, 3, 10
55, 46, 101
65, 13, 78
12, 52, 64
90, 6, 96
15, 82, 97
75, 25, 100
35, 79, 114
23, 91, 114
62, 39, 101
37, 59, 96
4, 42, 46
26, 11, 37
81, 83, 164
98, 72, 170
86, 15, 101
52, 47, 99
21, 71, 92
9, 42, 51
85, 85, 170
29, 75, 104
51, 68, 119
73, 90, 163
10, 80, 90
17, 52, 69
65, 81, 146
94, 6, 100
69, 8, 77
50, 64, 114
99, 6, 105
15, 51, 66
24, 22, 46
11, 18, 29
65, 68, 133
7, 23, 30
82, 45, 127
35, 3, 38
55, 55, 110
33, 63, 96
74, 43, 117
16, 56, 72
88, 75, 163
63, 90, 153
66, 79, 145
1, 28, 29
23, 6, 29
21, 54, 75
30, 30, 60
61, 52, 113
16, 26, 42
15, 41, 56
27, 20, 47
77, 59, 136
18, 46, 64
84, 62, 146
4, 82, 86
59, 12, 71
98, 6, 104
40, 60, 100
90, 29, 119
37, 95, 132
39, 8, 47
64, 39, 103
39, 67, 106
44, 83, 127
23, 98, 121
75, 32, 107
65, 87, 152
44, 97, 141
63, 67, 130
3, 49, 52
64, 47, 111
82, 95, 177
46, 47, 93
30, 34, 64
28, 74, 102
11, 80, 91
41, 86, 127
67, 17, 84
3, 77, 80
77, 9, 86
71, 14, 85
45, 26, 71
7, 83, 90
78, 90, 168
4, 56, 60
72, 23, 95
25, 94, 119
50, 62, 112
53, 2, 55
67, 8, 75
75, 100, 175
2, 5, 7
48, 36, 84
29, 21, 50
74, 38, 112
38, 34, 72
43, 76, 119
58, 75, 133
10, 69, 79
99, 58, 157
56, 45, 101
85, 14, 99
29, 9, 38
21, 21, 42
46, 57, 103
28, 47, 75
87, 74, 161
38, 56, 94
56, 60, 116
45, 53, 98
73, 97, 170
18, 94, 112
15, 86, 101
92, 53, 145
73, 14, 87
15, 44, 59
46, 10, 56
70, 24, 94
26, 90, 116
75, 45, 120
45, 76, 121
85, 56, 141
17, 47, 64
51, 57, 108
91, 42, 133
74, 45, 119
94, 17, 111
41, 47, 88
83, 51, 134
1, 35, 36
59, 47, 106
3, 15, 18
70, 67, 137
32, 37, 69
21, 99, 120
98, 28, 126
10, 78, 88
100, 28, 128
68, 71, 139
28, 68, 96
77, 51, 128
69, 96, 165
41, 49, 90
45, 45, 90
15, 7, 22
66, 24, 90
92, 45, 137
34, 44, 78
94, 78, 172
94, 52, 146
1, 55, 56
39, 87, 126
62, 75, 137
59, 76, 135
12, 48, 60
20, 23, 43
66, 1, 67
68, 59, 127
58, 41, 99
80, 18, 98
68, 48, 116
85, 67, 152
61, 46, 107
32, 8, 40
20, 50, 70
44, 68, 112
2, 41, 43
18, 14, 32
63, 31, 94
54, 25, 79
89, 40, 129
39, 5, 44
20, 50, 70
12, 82, 94
72, 92, 164
29, 94, 123
96, 41, 137
34, 24, 58
6, 100, 106
71, 32, 103
95, 71, 166
15, 24, 39
2, 2, 4
49, 43, 92
38, 94, 132
7, 38, 45
29, 63, 92
32, 9, 41
14, 71, 85
96, 50, 146
24, 45, 69
60, 52, 112
6, 34, 40
60, 53, 113
18, 48, 66
98, 30, 128
93, 1, 94
93, 91, 184
50, 22, 72
27, 46, 73
87, 61, 148
64, 99, 163
56, 50, 106
50, 49, 99
3, 93, 96
83, 73, 156
66, 59, 125
97, 13, 110
88, 72, 160
10, 77, 87
89, 46, 135
8, 20, 28
94, 87, 181
45, 82, 127
2, 17, 19
3, 80, 83
73, 31, 104
93, 20, 113
76, 13, 89
81, 73, 154
23, 8, 31
62, 37, 99
96, 93, 189
14, 10, 24
94, 6, 100
100, 98, 198
76, 13, 89
44, 57, 101
8, 5, 13
40, 53, 93
11, 85, 96
25, 84, 109
83, 99, 182
80, 79, 159
43, 44, 87
6, 86, 92
62, 52, 114
45, 42, 87
50, 28, 78
54, 38, 92
31, 36, 67
86, 53, 139
6, 81, 87
60, 2, 62
23, 18, 41
24, 38, 62
2, 4, 6
64, 92, 156
97, 55, 152
3, 98, 101
2, 32, 34
94, 83, 177
95, 23, 118
74, 86, 160
73, 15, 88
66, 93, 159
53, 7, 60
40, 81, 121
94, 37, 131
80, 44, 124
82, 30, 112
34, 3, 37
44, 83, 127
86, 71, 157
47, 75, 122
31, 7, 38
37, 58, 95
43, 57, 100
13, 91, 104
95, 60, 155
28, 76, 104
54, 53, 107
40, 9, 49
14, 46, 60
59, 2, 61
50, 23, 73
27, 67, 94
6, 88, 94
5, 60, 65
10, 35, 45
42, 1, 43
21, 3, 24
78, 71, 149
24, 65, 89
11, 71, 82
37, 63, 100
7, 89, 96
29, 87, 116
52, 57, 109
33, 52, 85
87, 11, 98
70, 94, 164
19, 27, 46
21, 33, 54
47, 33, 80
70, 10, 80
47, 100, 147
42, 21, 63
79, 83, 162
70, 69, 139
79, 40, 119
92, 69, 161
98, 76, 174
73, 65, 138
33, 25, 58
75, 5, 80
3, 77, 80
8, 73, 81
88, 44, 132
66, 42, 108
54, 40, 94
59, 96, 155
88, 10, 98
65, 34, 99
38, 48, 86
81, 75, 156
58, 51, 109
6, 24, 30
39, 72, 111
68, 72, 140
15, 21, 36
64, 4, 68
4, 34, 38
72, 28, 100
24, 92, 116
40, 18, 58
42, 45, 87
15, 41, 56
66, 86, 152
32, 79, 111
39, 42, 81
21, 12, 33
9, 54, 63
61, 55, 116
23, 7, 30
30, 27, 57
70, 86, 156
49, 61, 110
2, 21, 23
98, 32, 130
41, 41, 82
51, 88, 139
22, 27, 49
44, 100, 144
72, 83, 155
64, 20, 84
3, 51, 54
42, 36, 78
5, 39, 44
2, 90, 92
11, 9, 20
78, 97, 175
4, 2, 6
58, 28, 86
49, 78, 127
30, 47, 77
83, 75, 158
24, 43, 67
54, 60, 114
72, 93, 165
66, 42, 108
13, 25, 38
81, 21, 102
29, 32, 61
22, 75, 97
65, 33, 98
26, 81, 107
48, 13, 61
15, 92, 107
9, 52, 61
26, 56, 82
28, 92, 120
82, 94, 176
92, 9, 101
16, 16, 32
85, 82, 167
5, 53, 58
77, 47, 124
41, 26, 67
48, 84, 132
51, 13, 64
49, 38, 87
61, 19, 80
3, 73, 76
98, 48, 146
3, 12, 15
7, 41, 48
55, 96, 151
19, 78, 97
33, 29, 62
64, 31, 95
89, 36, 125
32, 89, 121
80, 41, 121
72, 53, 125
71, 53, 124
79, 42, 121
31, 29, 60
48, 36, 84
74, 14, 88
17, 61, 78
32, 30, 62
40, 83, 123
20, 82, 102
20, 27, 47
100, 19, 119
49, 42, 91
81, 12, 93
1, 3, 4
99, 16, 115
29, 56, 85
41, 65, 106
50, 27, 77
60, 50, 110
70, 36, 106
53, 86, 139
11, 24, 35
78, 5, 83
76, 26, 102
51, 64, 115
6, 3, 9
91, 99, 190
44, 57, 101
63, 58, 121
44, 45, 89
91, 88, 179
92, 62, 154
74, 92, 166
62, 45, 107
28, 90, 118
19, 1, 20
42, 20, 62
42, 68, 110
49, 27, 76
6, 12, 18
99, 1, 100
64, 69, 133
71, 69, 140
24, 98, 122
85, 6, 91
27, 91, 118
49, 96, 145
25, 31, 56
43, 31, 74
92, 14, 106
44, 56, 100
38, 97, 135
83, 53, 136
83, 10, 93
25, 25, 50
88, 35, 123
27, 42, 69
68, 50, 118
80, 21, 101
100, 19, 119
74, 10, 84
41, 81, 122
17, 58, 75
32, 27, 59
19, 85, 104
47, 43, 90
51, 96, 147
76, 19, 95
99, 87, 186
94, 65, 159
57, 54, 111
47, 6, 53
80, 66, 146
85, 53, 138
79, 16, 95
43, 17, 60
50, 67, 117
100, 55, 155
54, 42, 96
79, 93, 172
81, 48, 129
93, 41, 134
19, 18, 37
47, 61, 108
92, 7, 99
32, 81, 113
51, 91, 142
98, 8, 106
62, 75, 137
19, 21, 40
8, 49, 57
65, 68, 133
3, 15, 18
91, 56, 147
78, 43, 121
77, 87, 164
44, 96, 140
31, 41, 72
58, 92, 150
15, 15, 30
82, 99, 181
38, 89, 127
16, 69, 85
47, 11, 58
30, 26, 56
43, 49, 92
48, 79, 127
1, 58, 59
27, 57, 84
20, 62, 82
89, 64, 153
98, 10, 108
50, 83, 133
74, 73, 147
78, 60, 138
12, 8, 20
1, 29, 30
67, 82, 149
70, 23, 93
9, 35, 44
59, 52, 111
70, 36, 106
30, 68, 98
48, 77, 125
46, 69, 115
90, 62, 152
53, 65, 118
77, 38, 115
97, 95, 192
17, 55, 72
26, 81, 107
64, 66, 130
29, 4, 33
79, 99, 178
37, 47, 84
31, 74, 105
49, 52, 101
86, 55, 141
98, 84, 182
40, 24, 64
59, 93, 152
26, 3, 29
19, 70, 89
42, 10, 52
34, 92, 126
60, 65, 125
71, 39, 110
46, 20, 66
94, 31, 125
43, 22, 65
24, 54, 78
84, 95, 179
34, 77, 111
80, 41, 121
72, 63, 135
51, 71, 122
93, 48, 141
42, 52, 94
96, 45, 141
83, 80, 163
91, 52, 143
77, 21, 98
70, 66, 136
5, 92, 97
99, 43, 142
1, 86, 87
18, 64, 82
65, 27, 92
10, 22, 32
33, 27, 60
15, 16, 31
14, 31, 45
77, 80, 157
32, 54, 86
52, 23, 75
63, 14, 77
50, 31, 81
92, 37, 129
92, 82, 174
92, 89, 181
90, 40, 130
37, 21, 58
29, 29, 58
24, 52, 76
51, 86, 137
49, 25, 74
35, 100, 135
84, 89, 173
45, 94, 139
21, 94, 115
99, 28, 127
39, 31, 70
23, 76, 99
34, 46, 80
25, 92, 117
60, 84, 144
29, 12, 41
97, 79, 176
25, 3, 28
38, 38, 76
11, 49, 60
74, 71, 145
92, 62, 154
30, 52, 82
87, 65, 152
57, 97, 154
73, 43, 116
78, 5, 83
14, 66, 80
99, 66, 165
36, 29, 65
28, 17, 45
94, 21, 115
13, 29, 42
15, 50, 65
81, 47, 128
27, 67, 94
9, 43, 52
76, 14, 90
9, 34, 43
35, 45, 80
80, 30, 110
42, 90, 132
56, 51, 107
51, 46, 97
81, 71, 152
44, 52, 96
25, 31, 56
91, 8, 99
90, 60, 150
11, 84, 95
22, 61, 83
33, 27, 60
35, 100, 135
40, 89, 129
72, 55, 127
85, 8, 93
4, 76, 80
94, 79, 173
56, 46, 102
83, 68, 151
82, 74, 156
95, 79, 174
28, 89, 117
74, 91, 165
94, 80, 174
17, 84, 101
94, 32, 126
57, 11, 68
40, 12, 52
48, 68, 116
5, 20, 25
13, 32, 45
74, 59, 133
60, 25, 85
26, 20, 46
30, 88, 118
83, 83, 166
52, 68, 120
92, 79, 171
64, 80, 144
47, 88, 135
41, 24, 65
86, 15, 101
59, 14, 73
100, 65, 165
9, 87, 96
46, 99, 145
92, 33, 125
30, 1, 31
69, 53, 122
93, 70, 163
66, 54, 120
31, 94, 125
1, 68, 69
55, 22, 77
55, 71, 126
50, 33, 83
8, 34, 42
15, 48, 63
13, 79, 92
4, 66, 70
95, 99, 194
77, 65, 142
46, 53, 99
83, 70, 153
63, 44, 107
46, 92, 138
72, 69, 141
26, 61, 87
59, 8, 67
82, 10, 92
37, 53, 90
44, 53, 97
38, 67, 105
22, 32, 54
42, 100, 142
33, 50, 83
82, 76, 158
44, 26, 70
17, 90, 107
69, 74, 143
41, 28, 69
32, 11, 43
100, 69, 169
84, 22, 106
76, 34, 110
48, 96, 144
29, 7, 36
79, 57, 136
33, 71, 104
11, 3, 14
98, 22, 120
38, 48, 86
16, 2, 18
17, 13, 30
46, 98, 144
75, 100, 175
6, 97, 103
48, 76, 124
80, 54, 134
46, 98, 144
79, 41, 120
30, 66, 96
58, 50, 108
3, 88, 91
43, 2, 45
35, 75, 110
36, 72, 108
66, 29, 95
99, 71, 170
47, 98, 145
45, 49, 94
28, 33, 61
60, 44, 104
84, 64, 148
76, 69, 145
92, 96, 188
84, 98, 182
9, 81, 90
30, 69, 99
33, 100, 133
81, 77, 158
37, 14, 51
27, 84, 111
37, 7, 44
88, 74, 162
59, 13, 72
59, 50, 109
87, 21, 108
52, 14, 66
32, 53, 85
18, 31, 49
56, 74, 130
21, 75, 96
72, 46, 118
11, 82, 93
92, 27, 119
78, 49, 127
51, 61, 112
46, 14, 60
88, 61, 149
59, 4, 63
5, 5, 10
56, 16, 72
96, 28, 124
39, 65, 104
10, 86, 96
37, 98, 135
39, 30, 69
24, 73, 97
68, 62, 130
20, 42, 62
100, 84, 184
63, 87, 150
52, 55, 107
12, 68, 80
2, 62, 64
32, 14, 46
39, 72, 111
39, 17, 56
37, 83, 120
36, 57, 93
66, 86, 152
3, 77, 80
88, 63, 151
88, 10, 98
57, 38, 95
10, 7, 17
84, 39, 123
20, 14, 34
99, 65, 164
36, 92, 128
11, 48, 59
90, 18, 108
76, 67, 143
45, 39, 84
49, 1, 50
77, 23, 100
68, 23, 91
15, 36, 51
64, 56, 120
77, 21, 98
39, 8, 47
53, 74, 127
15, 69, 84
20, 72, 92
40, 62, 102
64, 81, 145
19, 100, 119
59, 5, 64
47, 50, 97
58, 63, 121
38, 54, 92
14, 49, 63
20, 20, 40
48, 20, 68
29, 12, 41
26, 25, 51
27, 31, 58
87, 98, 185
48, 48, 96
17, 42, 59
24, 52, 76
64, 48, 112
87, 71, 158
47, 92, 139
95, 67, 162
4, 12, 16
8, 55, 63
39, 34, 73
21, 23, 44
81, 34, 115
63, 25, 88
51, 9, 60
77, 90, 167
81, 69, 150
93, 42, 135
11, 68, 79
85, 21, 106
92, 93, 185
41, 21, 62
73, 89, 162
42, 100, 142
3, 59, 62
12, 63, 75
61, 63, 124
4, 95, 99
52, 51, 103
11, 2, 13
98, 3, 101
6, 72, 78
81, 3, 84
52, 23, 75
3, 79, 82
2, 64, 66
25, 62, 87
100, 89, 189
45, 58, 103
37, 20, 57
86, 30, 116
39, 70, 109
67, 90, 157
65, 60, 125
58, 34, 92
12, 94, 106
55, 75, 130
66, 43, 109
76, 22, 98
92, 77, 169
63, 61, 124
31, 20, 51
87, 6, 93
8, 55, 63
32, 95, 127
90, 6, 96
99, 9, 108
79, 58, 137
54, 97, 151
69, 81, 150
84, 48, 132
96, 73, 169
11, 16, 27
26, 85, 111
8, 99, 107
10, 46, 56
93, 43, 136
40, 81, 121
8, 77, 85
87, 2, 89
35, 81, 116
95, 57, 152
92, 70, 162
45, 38, 83
4, 73, 77
25, 89, 114
55, 7, 62
56, 59, 115
10, 86, 96
83, 6, 89
82, 89, 171
37, 29, 66
91, 65, 156
20, 70, 90
38, 79, 117
52, 95, 147
75, 81, 156
18, 83, 101
7, 16, 23
53, 10, 63
93, 100, 193
72, 65, 137
77, 39, 116
59, 65, 124
41, 60, 101
66, 66, 132
32, 60, 92
12, 3, 15
80, 20, 100
29, 68, 97
42, 16, 58
28, 12, 40
15, 94, 109
80, 93, 173
71, 36, 107
25, 80, 105
49, 82, 131
23, 8, 31
76, 40, 116
86, 18, 104
88, 8, 96
87, 4, 91
44, 8, 52
35, 97, 132
4, 41, 45
60, 62, 122
10, 78, 88
54, 34, 88
85, 3, 88
46, 65, 111
38, 82, 120
95, 70, 165
87, 91, 178
42, 95, 137
65, 95, 160
26, 14, 40
34, 50, 84
34, 25, 59
37, 18, 55
98, 57, 155
48, 4, 52
76, 24, 100
1, 47, 48
49, 24, 73
47, 20, 67
46, 93, 139
38, 5, 43
30, 92, 122
53, 87, 140
61, 89, 150
84, 12, 96
94, 38, 132
70, 34, 104
75, 34, 109
91, 90, 181
44, 85, 129
45, 20, 65
72, 14, 86
57, 42, 99
62, 13, 75
89, 55, 144
56, 93, 149
91, 67, 158
43, 7, 50
45, 54, 99
96, 47, 143
59, 17, 76
80, 70, 150
82, 38, 120
80, 95, 175
59, 10, 69
20, 46, 66
61, 71, 132
63, 24, 87
27, 30, 57
98, 92, 190
46, 18, 64
51, 23, 74
12, 18, 30
98, 48, 146
75, 6, 81
34, 93, 127
28, 44, 72
35, 13, 48
53, 84, 137
23, 86, 109
28, 12, 40
76, 59, 135
8, 59, 67
39, 23, 62
63, 17, 80
54, 90, 144
22, 15, 37
37, 51, 88
65, 28, 93
81, 93, 174
46, 44, 90
87, 14, 101
11, 97, 108
9, 64, 73
16, 87, 103
26, 23, 49
81, 87, 168
7, 2, 9
76, 36, 112
53, 52, 105
78, 4, 82
25, 31, 56
5, 4, 9
38, 3, 41
50, 98, 148
57, 36, 93
85, 42, 127
32, 72, 104
73, 7, 80
19, 100, 119
3, 88, 91
86, 57, 143
82, 38, 120
42, 43, 85
90, 79, 169
23, 34, 57
43, 54, 97
31, 72, 103
14, 23, 37
80, 52, 132
70, 61, 131
47, 91, 138
18, 13, 31
28, 13, 41
96, 30, 126
28, 48, 76
23, 24, 47
23, 14, 37
69, 84, 153
97, 80, 177
87, 73, 160
92, 81, 173
38, 17, 55
86, 51, 137
84, 88, 172
35, 60, 95
24, 57, 81
77, 95, 172
42, 10, 52
15, 86, 101
90, 5, 95
100, 21, 121
91, 4, 95
4, 13, 17
4, 54, 58
28, 24, 52
3, 74, 77
11, 21, 32
86, 27, 113
89, 44, 133
36, 12, 48
8, 78, 86
67, 32, 99
71, 85, 156
62, 79, 141
96, 13, 109
3, 51, 54
55, 11, 66
94, 30, 124
55, 64, 119
27, 94, 121
88, 41, 129
71, 67, 138
10, 24, 34
62, 29, 91
3, 86, 89
53, 9, 62
6, 34, 40
26, 77, 103
92, 49, 141
12, 67, 79
17, 60, 77
74, 56, 130
44, 97, 141
20, 6, 26
85, 97, 182
64, 96, 160
9, 9, 18
25, 57, 82
80, 96, 176
15, 27, 42
81, 95, 176
91, 65, 156
40, 15, 55
19, 86, 105
23, 26, 49
74, 32, 106
80, 62, 142
46, 1, 47
70, 76, 146
13, 13, 26
51, 91, 142
45, 1, 46
62, 4, 66
44, 20, 64
55, 91, 146
89, 11, 100
2, 14, 16
44, 48, 92
75, 71, 146
3, 94, 97
9, 36, 45
15, 22, 37
24, 33, 57
5, 1, 6
54, 84, 138
63, 25, 88
87, 22, 109
70, 51, 121
5, 46, 51
51, 12, 63
58, 87, 145
84, 58, 142
43, 26, 69
30, 10, 40
70, 11, 81
69, 34, 103
45, 40, 85
28, 97, 125
2, 24, 26
97, 84, 181
34, 96, 130
77, 68, 145
45, 22, 67
56, 5, 61
49, 72, 121
67, 84, 151
87, 32, 119
15, 44, 59
70, 42, 112
73, 26, 99
14, 11, 25
47, 17, 64
19, 86, 105
50, 58, 108
38, 62, 100
59, 89, 148
87, 11, 98
25, 54, 79
73, 11, 84
22, 32, 54
81, 85, 166
34, 75, 109
62, 76, 138
48, 40, 88
48, 99, 147
56, 8, 64
19, 28, 47
71, 29, 100
77, 16, 93
33, 58, 91
83, 55, 138
95, 97, 192
41, 7, 48
61, 14, 75
12, 45, 57
39, 27, 66
61, 89, 150
93, 60, 153
21, 20, 41
39, 1, 40
28, 23, 51
95, 10, 105
12, 72, 84
23, 95, 118
64, 55, 119
88, 39, 127
93, 5, 98
21, 26, 47
66, 83, 149
81, 68, 149
80, 67, 147
83, 68, 151
71, 97, 168
62, 62, 124
48, 8, 56
24, 12, 36
18, 25, 43
16, 75, 91
8, 67, 75
86, 81, 167
41, 96, 137
1, 63, 64
60, 68, 128
87, 89, 176
49, 98, 147
3, 13, 16
75, 79, 154
48, 78, 126
40, 95, 135
78, 18, 96
96, 81, 177
89, 15, 104
2, 79, 81
89, 3, 92
2, 81, 83
61, 62, 123
70, 3, 73
31, 77, 108
72, 39, 111
20, 84, 104
26, 90, 116
94, 87, 181
69, 33, 102
80, 34, 114
27, 65, 92
89, 58, 147
86, 2, 88
74, 97, 171
23, 4, 27
70, 83, 153
39, 32, 71
24, 62, 86
26, 60, 86
88, 97, 185
1, 68, 69
11, 81, 92
58, 99, 157
38, 6, 44
17, 32, 49
34, 26, 60
38, 3, 41
46, 45, 91
35, 39, 74
22, 79, 101
95, 17, 112
79, 50, 129
90, 49, 139
74, 77, 151
49, 50, 99
33, 18, 51
40, 2, 42
42, 95, 137
62, 13, 75
76, 46, 122
37, 42, 79
1, 35, 36
96, 17, 113
63, 100, 163
23, 14, 37
76, 40, 116
11, 47, 58
13, 39, 52
69, 16, 85
87, 44, 131
51, 83, 134
62, 79, 141
93, 69, 162
33, 86, 119
14, 20, 34
18, 31, 49
37, 82, 119
53, 42, 95
99, 88, 187
66, 65, 131
84, 77, 161
44, 13, 57
52, 6, 58
78, 62, 140
31, 23, 54
48, 70, 118
83, 21, 104
74, 56, 130
82, 65, 147
39, 92, 131
85, 38, 123
51, 24, 75
55, 94, 149
98, 99, 197
68, 7, 75
71, 6, 77
89, 39, 128
59, 12, 71
28, 51, 79
98, 28, 126
59, 20, 79
77, 38, 115
96, 71, 167
53, 4, 57
18, 28, 46
70, 69, 139
89, 59, 148
52, 41, 93
58, 49, 107
26, 51, 77
18, 19, 37
39, 48, 87
18, 72, 90
20, 27, 47
17, 47, 64
82, 67, 149
38, 86, 124
32, 67, 99
54, 14, 68
2, 53, 55
8, 41, 49
67, 39, 106
38, 74, 112
93, 58, 151
52, 71, 123
13, 48, 61
50, 55, 105
29, 34, 63
67, 50, 117
59, 1, 60
19, 7, 26
37, 3, 40
27, 23, 50
67, 14, 81
66, 34, 100
90, 85, 175
39, 65, 104
29, 21, 50
44, 93, 137
11, 54, 65
49, 5, 54
9, 6, 15
60, 44, 104
88, 15, 103
6, 69, 75
92, 8, 100
23, 73, 96
79, 72, 151
79, 97, 176
70, 32, 102
59, 90, 149
76, 86, 162
10, 95, 105
41, 61, 102
89, 39, 128
15, 2, 17
33, 33, 66
61, 13, 74
1, 68, 69
12, 27, 39
13, 57, 70
68, 90, 158
11, 76, 87
19, 42, 61
43, 73, 116
3, 94, 97
43, 95, 138
48, 34, 82
41, 69, 110
5, 19, 24
31, 27, 58
87, 53, 140
87, 23, 110
42, 83, 125
38, 90, 128
82, 94, 176
40, 23, 63
76, 12, 88
81, 31, 112
15, 80, 95
17, 33, 50
8, 31, 39
49, 93, 142
48, 81, 129
96, 33, 129
71, 70, 141
32, 46, 78
75, 69, 144
85, 53, 138
5, 7, 12
34, 30, 64
32, 47, 79
19, 53, 72
36, 50, 86
6, 59, 65
44, 24, 68
81, 41, 122
56, 45, 101
96, 44, 140
39, 30, 69
49, 28, 77
83, 94, 177
35, 44, 79
80, 15, 95
62, 33, 95
1, 96, 97
92, 30, 122
19, 62, 81
81, 93, 174
80, 85, 165
48, 88, 136
30, 89, 119
30, 90, 120
82, 1, 83
76, 53, 129
99, 65, 164
96, 30, 126
4, 47, 51
77, 52, 129
